71,108,10,10
70,109,7,17
70,110,4,21
70,110,3,24
68,112,16,40
68,112,8,48
67,113,8,56
67,114,11,67
66,115,5,72
66,116,8,80
65,118,11,91
64,119,8,99
63,122,12,111
63,122,5,116
62,124,12,128
62,126,8,136
61,127,5,141
60,128,8,149
60,129,7,156
59,130,6,162
59,132,7,169
58,133,8,177
58,134,9,186
58,135,4,190
57,136,2,192
57,136,4,196
57,136,3,199
57,137,5,204
56,138,3,207
56,138,4,211
56,139,3,214
56,140,4,218
56,140,2,220
56,140,4,224
55,141,5,229
55,142,4,233
55,142,5,238
55,143,3,241
55,143,5,246
55,144,3,249
55,144,4,253
54,144,2,255
54,144,4,259
54,145,4,263
54,145,4,267
54,145,3,270
54,145,5,275
55,145,2,277
55,145,6,283
55,145,2,285
55,145,4,289
55,144,4,293
56,144,3,296
56,144,3,299
56,144,4,303
56,144,3,306
57,143,4,310
57,143,3,313
58,142,3,316
58,142,4,320
58,142,3,323
59,141,2,325
59,140,4,329
60,140,4,333
60,139,4,337
61,138,2,339
62,137,5,344
62,136,3,347
62,135,6,353
63,134,4,357
64,134,2,359
64,133,4,363
65,132,2,365
65,131,4,369
66,130,3,372
66,130,4,376
66,129,3,379
67,128,5,384
68,126,3,387
68,126,2,389
69,124,5,394
69,124,3,397
70,122,7,404
70,121,3,407
71,121,5,412
72,119,4,416
72,118,3,419
73,116,9,428
74,115,5,433
74,114,2,435
74,114,2,437
74,113,5,442
75,112,4,446
75,111,2,448
76,110,5,453
76,110,3,456
76,108,5,461
76,108,3,464
76,107,4,468
76,107,3,471
76,106,3,474
76,106,4,478
76,105,3,481
76,105,2,483
76,104,4,487
76,104,4,491
76,104,3,494
75,104,10,504
74,104,9,513
74,104,3,516
74,104,3,519
74,104,2,521
73,104,3,524
73,105,5,529
73,105,4,533
72,105,3,536
72,106,5,541
72,106,3,544
72,106,5,549
72,106,3,552
71,107,3,555
71,107,5,560
71,107,2,562
70,108,4,566
70,108,5,571
70,108,2,573
70,108,3,576
70,109,4,580
70,109,3,583
69,110,4,587
69,110,3,590
69,110,5,595
69,111,3,598
68,111,5,603
68,112,3,606
68,112,5,611
68,112,3,614
68,113,5,619
67,113,3,622
67,114,4,626
67,114,7,633
66,115,2,635
66,116,4,639
66,116,2,641
66,116,4,645
66,116,3,648
66,117,4,652
65,118,3,655
65,118,6,661
65,118,2,663
65,119,3,666
64,120,5,671
64,120,3,674
64,120,4,678
64,121,3,681
63,121,4,685
63,122,3,688
62,122,5,693
62,123,3,696
62,123,3,699
62,124,2,701
62,124,4,705
61,125,4,709
61,125,3,712
61,126,4,716
60,126,5,721
60,127,4,725
60,128,3,728
59,129,6,734
59,129,4,738
59,130,3,741
58,130,4,745
58,131,3,748
58,132,3,751
58,132,6,757
57,133,3,760
57,133,3,763
57,134,5,768
57,134,2,770
56,135,4,774
56,135,3,777
56,136,3,780
56,136,3,783
56,137,7,790
55,138,4,794
55,138,4,798
55,139,4,802
55,139,2,804
54,140,5,809
54,140,3,812
54,142,6,818
54,142,9,827
54,143,3,830
54,144,6,836
54,144,4,840
54,144,2,842
54,144,4,846
54,145,2,848
54,145,3,851
54,145,4,855
54,145,4,859
54,145,3,862
55,145,5,867
55,145,2,869
55,145,5,874
56,145,3,877
56,144,3,880
56,144,5,885
57,144,4,889
57,144,3,892
58,143,5,897
58,143,2,899
58,142,5,904
59,142,3,907
60,141,4,911
60,140,4,915
61,140,5,920
62,138,5,925
62,138,2,927
62,137,5,932
63,136,4,936
64,135,4,940
64,134,4,944
65,134,3,947
65,133,4,951
66,132,4,955
66,131,3,958
67,130,4,962
67,130,3,965
68,129,3,968
68,128,3,971
69,127,5,976
69,126,2,978
69,125,3,981
70,124,5,986
70,124,4,990
71,122,4,994
71,122,3,997
72,121,3,1000
72,120,8,1008
73,118,5,1013
73,118,3,1016
74,117,3,1019
74,116,4,1023
74,115,4,1027
74,114,3,1030
75,114,4,1034
75,113,3,1037
75,112,3,1040
75,111,4,1044
76,110,5,1049
76,110,3,1052
76,109,4,1056
76,109,4,1060
75,108,4,1064
75,108,2,1066
75,107,4,1070
75,107,4,1074
75,106,3,1077
74,106,4,1081
74,106,9,1090
74,106,6,1096
73,106,6,1102
73,107,4,1106
72,107,4,1110
72,107,8,1118
71,108,5,1123
71,108,6,1129
70,108,4,1133
70,109,6,1139
70,109,3,1142
70,109,4,1146
69,110,3,1149
69,110,4,1153
69,110,3,1156
68,110,6,1162
68,111,3,1165
68,111,4,1169
68,112,4,1173
67,112,4,1177
67,112,3,1180
67,113,5,1185
66,113,3,1188
66,114,5,1193
66,114,3,1196
66,115,4,1200
65,116,4,1204
65,116,2,1206
65,116,3,1209
65,117,4,1213
64,118,10,1223
64,119,4,1227
64,120,4,1231
63,121,5,1236
63,122,4,1240
63,122,2,1242
62,123,4,1246
62,124,3,1249
62,124,4,1253
62,124,3,1256
62,125,4,1260
61,126,3,1263
60,129,17,1280
60,130,6,1286
60,130,3,1289
60,131,4,1293
60,132,3,1296
59,133,5,1301
59,133,2,1303
59,134,3,1306
59,134,5,1311
59,135,3,1314
58,136,4,1318
58,136,2,1320
58,137,4,1324
58,138,4,1328
58,138,3,1331
58,139,6,1337
58,140,4,1341
58,140,3,1344
57,140,4,1348
57,141,2,1350
57,142,4,1354
57,142,3,1357
57,143,5,1362
57,143,2,1364
57,144,4,1368
57,144,2,1370
57,144,4,1374
56,144,3,1377
56,145,3,1380
56,145,3,1383
56,146,6,1389
56,146,4,1393
56,146,4,1397
56,146,4,1401
56,146,2,1403
56,146,6,1409
56,145,4,1413
57,145,3,1416
57,145,5,1421
57,145,2,1423
57,144,3,1426
57,144,2,1428
57,144,4,1432
57,144,4,1436
58,143,5,1441
58,142,2,1443
58,142,6,1449
58,141,3,1452
59,141,4,1456
59,140,4,1460
59,140,2,1462
60,139,4,1466
60,138,2,1468
60,138,4,1472
61,137,4,1476
61,136,3,1479
61,136,3,1482
62,135,5,1487
62,134,4,1491
63,133,3,1494
64,130,14,1508
65,129,4,1512
65,128,5,1517
66,128,2,1519
66,126,4,1523
66,126,3,1526
67,125,4,1530
67,124,3,1533
68,122,7,1540
68,122,5,1545
68,121,3,1548
69,120,3,1551
69,119,4,1555
69,118,3,1558
70,118,3,1561
70,117,4,1565
70,116,5,1570
71,116,3,1573
71,114,5,1578
71,114,3,1581
72,113,4,1585
72,113,3,1588
72,112,3,1591
72,111,4,1595
73,111,4,1599
73,110,3,1602
73,110,5,1607
74,109,2,1609
74,108,10,1619
74,108,3,1622
74,108,5,1627
74,108,4,1631
74,108,4,1635
74,108,7,1642
74,109,3,1645
74,109,2,1647
74,109,4,1651
74,109,3,1654
74,109,3,1657
74,109,3,1660
74,110,2,1662
74,110,5,1667
73,110,3,1670
73,110,4,1674
73,110,3,1677
72,110,4,1681
72,110,3,1684
72,111,5,1689
72,111,3,1692
71,111,4,1696
71,112,4,1700
70,112,5,1705
70,112,2,1707
70,112,4,1711
70,112,3,1714
69,113,4,1718
69,113,3,1721
68,113,4,1725
68,114,3,1728
68,114,4,1732
67,114,5,1737
67,115,4,1741
67,115,4,1745
66,115,2,1747
66,116,4,1751
66,116,3,1754
66,116,3,1757
66,116,3,1760
65,117,5,1765
65,118,3,1768
65,118,3,1771
64,118,3,1774
64,118,4,1778
64,119,3,1781
64,119,4,1785
64,120,2,1787
63,120,4,1791
63,120,4,1795
63,121,3,1798
63,121,6,1804
62,122,3,1807
62,122,3,1810
62,122,4,1814
62,123,3,1817
62,124,4,1821
62,124,4,1825
61,124,2,1827
61,125,4,1831
61,126,5,1836
61,126,3,1839
60,126,5,1844
60,127,4,1848
60,128,3,1851
60,128,4,1855
60,129,3,1858
60,129,3,1861
60,130,3,1864
60,130,5,1869
59,131,3,1872
59,131,3,1875
59,132,3,1878
59,132,4,1882
59,133,4,1886
59,133,4,1890
59,134,4,1894
59,134,3,1897
58,135,4,1901
58,136,4,1905
58,136,3,1908
58,136,3,1911
58,137,4,1915
58,138,4,1919
58,138,2,1921
58,138,6,1927
58,139,2,1929
58,140,5,1934
58,140,5,1939
58,140,3,1942
58,141,4,1946
58,141,3,1949
58,142,2,1951
58,142,4,1955
58,142,3,1958
58,143,3,1961
58,143,6,1967
58,144,2,1969
58,144,5,1974
58,144,3,1977
58,144,3,1980
58,144,3,1983
58,144,4,1987
58,144,3,1990
58,144,5,1995
58,144,2,1997
58,144,2,1999
59,144,5,2004
59,144,2,2006
59,143,10,2016
59,142,2,2018
59,142,6,2024
60,141,5,2029
60,141,5,2034
60,140,4,2038
60,140,3,2041
60,138,6,2047
61,138,6,2053
61,137,2,2055
61,136,4,2059
62,136,5,2064
62,135,3,2067
62,134,3,2070
63,133,4,2074
63,132,5,2079
63,132,2,2081
64,131,6,2087
64,130,2,2089
64,129,6,2095
65,128,3,2098
65,128,2,2100
65,127,4,2104
66,126,4,2108
66,126,2,2110
66,125,4,2114
66,124,2,2116
67,124,4,2120
67,123,4,2124
67,122,4,2128
68,121,3,2131
68,120,4,2135
68,120,3,2138
68,119,3,2141
69,118,5,2146
69,118,3,2149
69,117,4,2153
70,116,3,2156
70,116,3,2159
70,115,4,2163
70,114,4,2167
70,114,2,2169
71,113,5,2174
71,112,3,2177
71,112,3,2180
71,112,3,2183
71,111,4,2187
72,111,3,2190
72,110,5,2195
72,110,4,2199
72,110,3,2202
72,110,3,2205
72,110,3,2208
72,110,5,2213
72,110,2,2215
72,110,4,2219
72,110,3,2222
72,110,6,2228
72,111,4,2232
72,111,3,2235
71,111,4,2239
71,111,3,2242
71,111,5,2247
70,112,4,2251
70,112,4,2255
70,112,3,2258
69,112,4,2262
69,112,3,2265
68,113,4,2269
68,113,3,2272
68,113,3,2275
67,113,3,2278
67,114,4,2282
67,114,2,2284
66,114,4,2288
66,114,4,2292
66,115,4,2296
65,115,2,2298
65,115,4,2302
64,116,3,2305
64,116,3,2308
64,116,4,2312
63,116,4,2316
63,117,2,2318
62,117,4,2322
62,118,2,2324
62,118,4,2328
62,118,3,2331
61,119,4,2335
61,119,4,2339
61,120,3,2342
60,120,4,2346
60,121,6,2352
59,122,3,2355
59,122,3,2358
59,122,4,2362
59,123,2,2364
58,123,2,2366
58,124,3,2369
58,124,3,2372
58,124,4,2376
58,125,3,2379
57,126,5,2384
57,127,4,2388
56,128,5,2393
56,128,2,2395
56,128,3,2398
56,129,3,2401
56,130,4,2405
55,130,3,2408
55,132,9,2417
54,132,4,2421
54,133,3,2424
54,134,4,2428
54,134,4,2432
54,135,3,2435
53,136,7,2442
53,137,3,2445
53,138,6,2451
53,138,3,2454
52,139,4,2458
52,140,5,2463
52,140,3,2466
52,141,5,2471
52,142,3,2474
52,142,3,2477
52,143,4,2481
52,144,4,2485
52,144,2,2487
52,145,5,2492
52,145,3,2495
52,146,7,2502
52,146,4,2506
52,147,3,2509
52,148,3,2512
52,148,3,2515
52,148,5,2520
52,148,2,2522
52,148,4,2526
52,149,3,2529
53,149,3,2532
53,149,3,2535
53,149,2,2537
54,149,9,2546
54,148,10,2556
55,148,3,2559
55,148,4,2563
56,148,4,2567
56,147,3,2570
56,147,4,2574
56,146,2,2576
57,146,5,2581
57,146,3,2584
58,145,3,2587
58,144,5,2592
59,144,3,2595
59,143,5,2600
60,143,2,2602
60,142,4,2606
60,141,4,2610
61,141,3,2613
61,140,3,2616
62,139,4,2620
62,138,3,2623
62,138,4,2627
63,137,3,2630
63,136,4,2634
64,136,2,2636
64,135,4,2640
64,134,3,2643
65,133,7,2650
65,131,4,2654
66,130,6,2660
66,129,2,2662
66,128,4,2666
67,128,3,2669
67,126,4,2673
68,126,3,2676
68,125,4,2680
68,124,2,2682
68,123,4,2686
69,122,4,2690
69,122,3,2693
69,121,3,2696
70,120,5,2701
70,119,2,2703
70,118,3,2706
70,118,3,2709
71,117,5,2714
71,116,3,2717
71,115,5,2722
72,114,4,2726
72,113,3,2729
72,112,4,2733
72,112,4,2737
72,111,4,2741
72,110,4,2745
72,110,5,2750
72,109,3,2753
72,109,3,2756
72,108,4,2760
72,108,4,2764
72,108,3,2767
72,108,5,2772
72,108,4,2776
71,108,3,2779
71,108,3,2782
71,108,4,2786
70,108,4,2790
70,108,2,2792
70,109,2,2794
70,109,3,2797
69,109,5,2802
69,110,3,2805
68,110,7,2812
68,110,5,2817
68,111,5,2822
67,111,3,2825
67,111,5,2830
66,112,3,2833
66,112,3,2836
66,112,4,2840
66,113,3,2843
65,113,6,2849
65,114,4,2853
64,114,3,2856
64,114,4,2860
64,115,2,2862
64,116,5,2867
63,116,3,2870
63,116,4,2874
63,117,3,2877
62,118,4,2881
62,118,3,2884
62,120,8,2892
61,120,7,2899
60,123,14,2913
60,124,3,2916
59,125,8,2924
59,126,7,2931
58,128,8,2939
58,130,8,2947
58,132,12,2959
57,132,4,2963
57,135,13,2976
56,136,8,2984
56,138,8,2992
56,140,15,3007
55,141,6,3013
55,142,6,3019
55,144,9,3028
55,144,5,3033
55,146,8,3041
55,147,6,3047
55,148,11,3058
55,149,6,3064
55,150,13,3077
55,150,6,3083
55,150,10,3093
55,150,5,3098
55,150,8,3106
55,149,7,3113
55,148,8,3121
56,148,8,3129
56,147,5,3134
57,146,6,3140
58,143,16,3156
60,141,10,3166
60,140,6,3172
62,138,10,3182
62,136,9,3191
64,134,7,3198
64,133,4,3202
66,128,19,3221
66,127,3,3224
67,124,12,3236
68,123,5,3241
68,121,5,3246
69,121,2,3248
69,120,5,3253
70,118,4,3257
70,118,3,3260
70,117,4,3264
71,116,3,3267
71,115,5,3272
71,114,3,3275
72,113,3,3278
72,112,4,3282
72,112,3,3285
72,111,4,3289
72,110,4,3293
72,110,3,3296
72,110,3,3299
72,109,6,3305
72,108,4,3309
72,108,3,3312
72,108,3,3315
72,108,3,3318
72,108,4,3322
72,108,2,3324
72,108,4,3328
72,108,4,3332
71,108,3,3335
71,108,3,3338
71,109,6,3344
70,109,4,3348
70,109,4,3352
69,110,6,3358
69,110,4,3362
68,110,2,3364
68,111,4,3368
68,111,3,3371
67,111,3,3374
67,112,3,3377
66,112,4,3381
66,112,2,3383
66,112,4,3387
66,113,4,3391
65,113,4,3395
65,114,2,3397
64,114,6,3403
64,115,5,3408
63,116,5,3413
63,116,3,3416
62,116,5,3421
62,117,2,3423
62,118,4,3427
61,118,4,3431
61,119,3,3434
61,119,4,3438
60,120,5,3443
60,121,4,3447
60,121,3,3450
59,122,4,3454
59,123,3,3457
59,124,5,3462
58,124,2,3464
58,125,5,3469
58,126,2,3471
58,126,4,3475
57,127,5,3480
57,128,2,3482
57,128,3,3485
57,129,4,3489
56,130,2,3491
56,130,4,3495
56,131,5,3500
56,132,2,3502
55,132,3,3505
55,133,4,3509
55,134,4,3513
55,134,3,3516
54,135,4,3520
54,136,2,3522
54,137,6,3528
54,137,2,3530
54,138,4,3534
54,138,4,3538
53,141,11,3549
53,142,6,3555
52,142,5,3560
52,143,3,3563
52,144,6,3569
52,145,3,3572
52,145,3,3575
52,146,5,3580
52,146,3,3583
52,147,2,3585
52,147,4,3589
52,148,5,3594
52,148,3,3597
52,150,11,3608
52,150,3,3611
52,150,3,3614
53,150,4,3618
53,150,3,3621
53,151,3,3624
53,151,4,3628
54,150,4,3632
54,150,2,3634
54,150,4,3638
54,150,4,3642
55,150,3,3645
55,150,5,3650
55,150,2,3652
56,149,5,3657
56,149,4,3661
57,148,5,3666
58,148,2,3668
58,148,4,3672
58,147,3,3675
59,146,4,3679
59,146,4,3683
60,145,4,3687
60,145,2,3689
60,144,4,3693
61,144,3,3696
62,143,4,3700
62,142,3,3703
62,141,5,3708
63,140,3,3711
63,140,4,3715
64,138,3,3718
64,138,3,3721
64,137,4,3725
65,136,3,3728
66,135,5,3733
66,134,3,3736
66,133,3,3739
66,132,3,3742
67,131,4,3746
67,130,3,3749
68,128,7,3756
68,127,3,3759
69,126,3,3762
69,125,5,3767
70,124,3,3770
70,123,5,3775
70,122,2,3777
70,122,4,3781
71,120,5,3786
71,120,2,3788
72,119,4,3792
72,117,6,3798
72,116,3,3801
73,116,5,3806
73,114,3,3809
73,114,2,3811
73,113,3,3814
74,112,3,3817
74,111,4,3821
74,110,4,3825
74,110,5,3830
74,109,4,3834
74,108,2,3836
74,108,2,3838
74,107,5,3843
73,107,4,3847
73,106,3,3850
73,106,4,3854
72,106,4,3858
72,106,2,3860
72,106,5,3865
72,106,4,3869
71,106,3,3872
71,106,4,3876
71,106,3,3879
70,107,4,3883
70,107,3,3886
70,107,4,3890
69,108,3,3893
69,108,4,3897
68,108,3,3900
68,108,5,3905
68,109,3,3908
67,109,4,3912
67,110,4,3916
66,110,2,3918
66,110,4,3922
66,110,3,3925
65,111,3,3928
65,112,4,3932
65,112,3,3935
64,112,3,3938
64,113,4,3942
64,113,2,3944
63,114,4,3948
63,114,4,3952
62,116,5,3957
62,116,4,3961
62,117,2,3963
62,117,4,3967
61,118,3,3970
61,119,4,3974
61,119,3,3977
60,120,4,3981
60,120,2,3983
60,121,4,3987
60,122,3,3990
59,124,8,3998
59,125,5,4003
58,126,3,4006
58,126,5,4011
58,127,3,4014
58,128,3,4017
58,129,4,4021
57,130,4,4025
57,130,3,4028
57,132,5,4033
56,132,4,4037
56,133,4,4041
56,134,4,4045
56,135,4,4049
56,136,4,4053
55,138,7,4060
55,138,2,4062
55,139,4,4066
55,140,6,4072
54,141,2,4074
54,141,3,4077
54,142,3,4080
54,143,3,4083
54,144,4,4087
54,144,3,4090
54,145,5,4095
53,146,5,4100
53,146,2,4102
53,148,4,4106
53,148,3,4109
53,149,4,4113
53,149,3,4116
52,150,4,4120
52,151,2,4122
52,151,4,4126
52,152,3,4129
52,152,4,4133
52,153,3,4136
52,154,4,4140
52,154,3,4143
52,154,3,4146
52,155,6,4152
52,155,2,4154
52,155,7,4161
52,156,4,4165
52,156,4,4169
52,155,3,4172
52,155,2,4174
52,155,4,4178
52,155,5,4183
52,155,3,4186
52,154,3,4189
53,154,3,4192
53,154,5,4197
53,154,5,4202
54,153,4,4206
54,152,4,4210
54,152,3,4213
55,152,4,4217
55,151,2,4219
56,151,4,4223
56,150,5,4228
57,149,2,4230
57,148,5,4235
58,148,3,4238
58,147,3,4241
59,146,3,4244
59,145,4,4248
60,144,4,4252
61,143,4,4256
61,142,4,4260
62,140,4,4264
62,140,4,4268
63,138,3,4271
64,137,6,4277
64,136,3,4280
64,135,3,4283
65,134,3,4286
65,134,2,4288
66,132,3,4291
66,131,5,4296
67,130,3,4299
67,130,2,4301
68,128,6,4307
68,127,4,4311
68,126,4,4315
69,124,3,4318
69,124,3,4321
70,122,4,4325
70,121,4,4329
71,120,3,4332
71,119,5,4337
72,118,3,4340
72,117,4,4344
72,116,3,4347
72,115,4,4351
73,114,4,4355
73,114,2,4357
73,112,5,4362
74,112,3,4365
74,111,4,4369
74,110,2,4371
74,109,6,4377
74,108,4,4381
73,108,3,4384
73,107,8,4392
73,106,5,4397
72,106,5,4402
72,106,3,4405
72,106,4,4409
71,106,4,4413
71,106,4,4417
70,107,4,4421
70,107,3,4424
70,107,4,4428
70,107,3,4431
69,108,4,4435
69,108,3,4438
68,108,3,4441
68,108,4,4445
68,108,4,4449
67,109,2,4451
66,111,6,4457
65,112,5,4462
64,112,4,4466
64,112,2,4468
64,113,5,4473
64,114,2,4475
63,115,5,4480
63,115,3,4483
63,116,3,4486
62,116,4,4490
62,117,3,4493
62,118,3,4496
62,119,5,4501
61,120,2,4503
61,120,4,4507
61,121,3,4510
60,122,3,4513
60,122,4,4517
60,124,4,4521
60,124,3,4524
60,125,3,4527
59,126,4,4531
59,127,3,4534
59,127,3,4537
58,128,4,4541
58,129,4,4545
58,133,15,4560
57,134,4,4564
57,135,4,4568
57,136,3,4571
57,136,3,4574
56,137,4,4578
56,138,3,4581
56,138,3,4584
56,139,3,4587
56,140,6,4593
56,142,5,4598
55,142,3,4601
55,143,4,4605
55,144,3,4608
55,145,5,4613
55,145,2,4615
55,146,4,4619
54,147,4,4623
54,148,5,4628
54,148,3,4631
54,149,3,4634
54,150,3,4637
54,150,4,4641
54,150,3,4644
54,151,4,4648
54,152,4,4652
54,152,4,4656
54,152,5,4661
54,152,5,4666
54,152,4,4670
54,152,3,4673
54,152,3,4676
54,152,5,4681
54,152,2,4683
54,152,4,4687
54,152,4,4691
54,151,5,4696
54,151,5,4701
55,150,2,4703
55,150,4,4707
55,150,3,4710
56,150,3,4713
56,149,3,4716
56,148,5,4721
56,148,3,4724
57,148,3,4727
57,147,4,4731
58,146,3,4734
58,146,3,4737
58,145,4,4741
59,144,5,4746
59,143,5,4751
60,142,3,4754
60,141,7,4761
61,140,4,4765
61,140,2,4767
62,138,6,4773
63,137,8,4781
63,136,5,4786
64,135,2,4788
64,134,5,4793
64,133,4,4797
65,132,4,4801
65,131,4,4805
66,130,2,4807
66,129,5,4812
66,128,2,4814
67,127,5,4819
67,126,4,4823
68,125,2,4825
68,124,4,4829
68,123,3,4832
68,122,4,4836
69,121,4,4840
69,120,3,4843
69,118,7,4850
70,117,5,4855
70,116,4,4859
71,115,5,4864
71,114,3,4867
71,114,3,4870
72,113,4,4874
72,112,2,4876
72,111,5,4881
72,110,3,4884
72,109,5,4889
73,109,2,4891
73,108,5,4896
73,107,4,4900
73,107,4,4904
73,106,2,4906
73,106,5,4911
73,106,3,4914
73,105,2,4916
73,105,4,4920
73,105,3,4923
73,105,3,4926
72,105,5,4931
72,105,3,4934
72,105,2,4936
72,105,3,4939
72,106,2,4941
71,106,2,4943
71,106,16,4959
69,108,8,4967
68,108,4,4971
68,108,2,4973
68,109,6,4979
67,109,4,4983
67,110,3,4986
66,110,4,4990
66,111,3,4993
65,111,5,4998
65,112,3,5001
65,112,3,5004
64,113,3,5007
64,114,4,5011
64,114,3,5014
63,115,5,5019
63,115,2,5021
62,116,6,5027
62,117,4,5031
62,118,3,5034
61,118,5,5039
61,119,4,5043
60,120,4,5047
60,121,6,5053
60,122,4,5057
59,123,4,5061
59,124,3,5064
59,124,3,5067
58,125,4,5071
58,126,3,5074
58,126,2,5076
58,127,4,5080
57,128,3,5083
57,128,3,5086
57,129,3,5089
56,130,6,5095
56,131,5,5100
56,132,3,5103
56,132,4,5107
56,133,2,5109
55,134,5,5114
55,134,3,5117
55,135,5,5122
55,136,2,5124
54,136,4,5128
54,137,3,5131
54,138,3,5134
54,138,3,5137
54,139,5,5142
54,139,3,5145
54,140,3,5148
53,140,3,5151
53,141,5,5156
53,142,3,5159
53,142,5,5164
53,143,2,5166
53,144,10,5176
53,145,2,5178
53,145,4,5182
53,146,4,5186
53,146,3,5189
53,147,5,5194
53,148,5,5199
54,148,3,5202
54,148,4,5206
54,148,3,5209
54,149,5,5214
54,149,2,5216
54,149,6,5222
55,149,4,5226
55,149,2,5228
56,149,5,5233
56,148,3,5236
56,148,2,5238
56,148,4,5242
57,148,2,5244
57,148,4,5248
58,147,4,5252
58,146,4,5256
59,146,4,5260
59,146,3,5263
60,145,3,5266
60,144,4,5270
61,144,3,5273
61,143,4,5277
62,142,3,5280
62,141,4,5284
62,141,3,5287
63,140,5,5292
64,138,3,5295
64,137,7,5302
65,136,3,5305
65,135,3,5308
66,133,5,5313
66,132,3,5316
67,131,5,5321
67,130,3,5324
68,129,2,5326
68,128,4,5330
68,127,4,5334
69,126,2,5336
69,125,4,5340
70,124,2,5342
70,123,4,5346
70,121,5,5351
71,120,4,5355
72,118,4,5359
72,118,3,5362
72,116,4,5366
73,115,4,5370
73,114,2,5372
73,113,4,5376
74,112,3,5379
74,111,4,5383
74,110,2,5385
74,109,4,5389
75,108,2,5391
75,107,5,5396
75,106,4,5400
76,105,4,5404
76,104,2,5406
76,104,5,5411
76,103,4,5415
76,102,4,5419
76,102,2,5421
76,102,4,5425
75,101,3,5428
75,101,4,5432
75,101,3,5435
74,101,4,5439
74,101,2,5441
74,101,4,5445
74,101,4,5449
73,102,6,5455
72,102,5,5460
72,102,3,5463
72,102,5,5468
71,102,3,5471
71,103,3,5474
70,103,4,5478
70,104,3,5481
70,104,4,5485
69,104,5,5490
69,105,2,5492
68,105,3,5495
68,106,4,5499
67,106,6,5505
67,107,4,5509
67,108,4,5513
66,108,5,5518
66,109,2,5520
65,110,4,5524
65,110,2,5526
65,111,5,5531
64,111,2,5533
64,112,4,5537
64,112,3,5540
63,113,4,5544
63,116,13,5557
62,117,6,5563
61,119,9,5572
61,120,3,5575
60,121,5,5580
60,122,3,5583
60,122,4,5587
60,123,3,5590
59,124,3,5593
59,124,4,5597
59,125,2,5599
58,126,5,5604
58,126,3,5607
58,127,3,5610
58,128,4,5614
58,129,4,5618
58,130,3,5621
57,130,5,5626
57,131,2,5628
57,132,4,5632
57,132,2,5634
56,133,5,5639
56,133,2,5641
56,134,5,5646
56,135,4,5650
56,136,4,5654
55,137,4,5658
55,137,4,5662
55,138,4,5666
55,138,3,5669
55,139,4,5673
54,140,3,5676
54,140,5,5681
54,141,2,5683
54,142,5,5688
54,142,3,5691
54,143,2,5693
54,143,4,5697
54,144,3,5700
54,144,6,5706
54,145,3,5709
54,145,3,5712
54,146,4,5716
54,146,3,5719
54,146,2,5721
54,146,4,5725
55,147,2,5727
55,147,4,5731
55,147,3,5734
55,147,5,5739
55,147,3,5742
56,146,3,5745
56,146,2,5747
56,146,4,5751
56,146,5,5756
57,146,3,5759
57,146,5,5764
58,145,4,5768
58,145,4,5772
59,144,5,5777
59,144,3,5780
60,143,5,5785
60,143,2,5787
61,142,4,5791
61,141,4,5795
62,141,3,5798
62,140,3,5801
63,139,7,5808
63,138,4,5812
64,137,3,5815
64,136,4,5819
64,136,2,5821
65,135,4,5825
65,134,2,5827
66,133,9,5836
67,129,9,5845
68,127,5,5850
69,125,7,5857
70,121,13,5870
71,118,8,5878
72,116,12,5890
73,113,6,5896
74,111,7,5903
74,109,8,5911
75,107,9,5920
75,106,3,5923
75,104,10,5933
76,102,13,5946
75,101,10,5956
75,100,14,5970
74,101,11,5981
73,101,3,5984
72,102,11,5995
72,102,2,5997
71,103,10,6007
70,104,9,6016
69,104,5,6021
69,105,4,6025
68,106,4,6029
68,106,6,6035
67,108,8,6043
66,109,7,6050
65,110,10,6060
64,112,7,6067
63,114,9,6076
63,115,7,6083
62,116,6,6089
62,117,3,6092
62,118,3,6095
61,120,12,6107
60,121,4,6111
60,123,8,6119
59,124,5,6124
59,126,6,6130
58,127,8,6138
58,129,9,6147
57,131,10,6157
57,132,5,6162
56,133,8,6170
56,135,10,6180
56,136,4,6184
55,137,6,6190
55,138,6,6196
55,138,4,6200
55,139,2,6202
55,140,7,6209
55,141,5,6214
55,141,2,6216
55,142,4,6220
55,142,2,6222
55,143,4,6226
55,143,3,6229
55,144,5,6234
55,144,2,6236
55,144,5,6241
55,144,4,6245
55,144,3,6248
56,144,7,6255
56,144,3,6258
56,144,5,6263
57,144,3,6266
57,144,4,6270
58,144,6,6276
58,143,4,6280
59,143,3,6283
59,143,3,6286
60,142,3,6289
60,142,5,6294
60,142,2,6296
61,141,6,6302
62,140,5,6307
62,140,2,6309
62,139,4,6313
63,139,2,6315
63,138,4,6319
64,138,3,6322
64,137,4,6326
64,136,3,6329
65,136,4,6333
65,135,2,6335
66,134,5,6340
66,134,3,6343
66,133,3,6346
67,132,3,6349
68,130,10,6359
68,129,4,6363
69,128,5,6368
69,127,3,6371
70,126,4,6375
70,125,4,6379
70,124,4,6383
71,124,3,6386
71,123,3,6389
72,122,5,6394
72,121,2,6396
72,120,5,6401
73,118,6,6407
73,117,5,6412
74,116,2,6414
74,116,4,6418
74,115,4,6422
74,114,3,6425
75,113,3,6428
75,112,4,6432
75,112,2,6434
76,111,4,6438
76,110,4,6442
76,109,3,6445
76,109,3,6448
76,108,4,6452
76,107,3,6455
76,106,4,6459
77,106,3,6462
77,105,4,6466
77,104,5,6471
76,103,3,6474
76,103,4,6478
76,102,4,6482
76,102,3,6485
76,101,3,6488
76,101,4,6492
76,100,3,6495
75,100,4,6499
75,100,4,6503
74,100,3,6506
74,100,4,6510
74,100,3,6513
73,100,3,6516
73,100,4,6520
72,101,4,6524
72,101,3,6527
72,101,4,6531
71,101,2,6533
71,102,4,6537
71,102,3,6540
70,102,9,6549
68,104,7,6556
68,104,5,6561
68,104,3,6564
67,105,3,6567
67,105,4,6571
66,106,5,6576
66,106,2,6578
66,107,5,6583
65,108,4,6587
65,108,4,6591
64,109,3,6594
64,110,3,6597
64,111,5,6602
63,111,2,6604
63,112,7,6611
62,113,3,6614
62,114,3,6617
62,115,5,6622
62,115,2,6624
61,116,6,6630
61,117,3,6633
60,118,4,6637
60,119,4,6641
60,120,2,6643
60,120,4,6647
60,121,3,6650
59,122,3,6653
59,122,5,6658
58,124,5,6663
58,125,4,6667
58,126,4,6671
58,126,3,6674
58,127,4,6678
57,128,4,6682
57,128,2,6684
57,129,4,6688
57,130,3,6691
56,131,4,6695
56,131,2,6697
56,132,4,6701
56,132,2,6703
56,133,4,6707
56,134,4,6711
55,135,4,6715
55,136,3,6718
55,136,5,6723
55,137,4,6727
55,138,4,6731
55,138,4,6735
55,139,2,6737
55,140,4,6741
55,140,3,6744
55,141,3,6747
55,142,4,6751
56,143,10,6761
56,143,3,6764
56,144,3,6767
56,144,4,6771
56,144,3,6774
56,144,2,6776
57,144,5,6781
57,144,2,6783
58,144,7,6790
58,144,4,6794
58,144,3,6797
59,144,4,6801
59,143,3,6804
60,143,6,6810
60,142,5,6815
60,142,3,6818
61,141,3,6821
61,141,4,6825
62,140,4,6829
62,140,2,6831
62,139,4,6835
63,138,3,6838
63,138,3,6841
64,137,3,6844
64,136,5,6849
64,136,2,6851
65,135,4,6855
65,134,4,6859
66,133,6,6865
66,132,4,6869
66,131,3,6872
67,130,3,6875
67,129,4,6879
68,128,3,6882
68,128,2,6884
68,126,6,6890
69,125,4,6894
69,124,3,6897
70,123,4,6901
70,123,3,6904
70,122,4,6908
70,120,4,6912
71,119,5,6917
71,118,3,6920
72,117,4,6924
72,116,3,6927
72,116,4,6931
72,115,3,6934
73,114,4,6938
73,113,2,6940
73,112,4,6944
73,112,3,6947
74,111,4,6951
74,110,3,6954
74,109,4,6958
74,108,2,6960
75,107,8,6968
75,106,4,6972
75,105,3,6975
76,104,5,6980
76,103,4,6984
76,102,6,6990
76,101,3,6993
76,101,3,6996
76,100,4,7000
76,100,2,7002
76,99,4,7006
76,99,2,7008
76,99,4,7012
76,99,3,7015
76,99,4,7019
75,99,3,7022
75,99,4,7026
75,99,4,7030
75,99,3,7033
74,99,3,7036
74,100,4,7040
74,100,2,7042
73,100,4,7046
73,100,2,7048
72,101,7,7055
72,101,3,7058
72,101,4,7062
71,102,5,7067
70,102,2,7069
70,103,6,7075
70,104,4,7079
69,104,3,7082
68,105,5,7087
68,105,3,7090
68,106,2,7092
68,106,4,7096
67,107,4,7100
67,107,3,7103
66,108,3,7106
66,108,2,7108
66,109,5,7113
65,110,5,7118
65,110,3,7121
64,112,4,7125
64,112,5,7130
64,113,2,7132
64,114,4,7136
63,114,3,7139
63,115,3,7142
62,116,5,7147
62,118,10,7157
62,118,3,7160
61,119,3,7163
61,120,6,7169
60,121,4,7173
60,122,3,7176
60,122,4,7180
60,123,5,7185
59,124,4,7189
59,125,3,7192
59,126,4,7196
59,126,2,7198
58,126,4,7202
58,127,3,7205
58,128,3,7208
58,128,3,7211
58,130,6,7217
57,130,4,7221
57,131,3,7224
57,132,3,7227
57,132,4,7231
56,133,4,7235
56,133,2,7237
56,134,4,7241
56,134,3,7244
56,136,5,7249
56,136,4,7253
55,137,3,7256
55,137,4,7260
55,138,2,7262
55,139,7,7269
55,140,5,7274
55,140,3,7277
55,141,5,7282
56,142,5,7287
56,142,3,7290
56,142,6,7296
56,143,4,7300
56,143,4,7304
56,143,4,7308
56,143,3,7311
57,143,5,7316
57,143,4,7320
58,143,3,7323
59,142,15,7338
59,142,2,7340
60,142,5,7345
60,142,2,7347
60,141,3,7350
61,141,5,7355
61,140,3,7358
62,140,6,7364
62,139,3,7367
62,138,3,7370
63,138,5,7375
63,137,4,7379
64,136,3,7382
64,136,5,7387
64,135,2,7389
65,134,5,7394
65,134,3,7397
66,132,5,7402
66,132,3,7405
66,131,4,7409
67,130,3,7412
67,129,5,7417
68,128,5,7422
68,127,2,7424
68,126,4,7428
69,125,4,7432
69,124,3,7435
69,124,2,7437
70,122,5,7442
70,122,3,7445
70,121,2,7447
70,120,4,7451
71,120,3,7454
71,119,2,7456
72,118,4,7460
72,117,3,7463
72,116,4,7467
72,115,4,7471
73,114,3,7474
73,113,5,7479
73,113,3,7482
74,112,3,7485
74,111,4,7489
74,110,4,7493
74,110,2,7495
74,108,6,7501
75,108,4,7505
75,107,4,7509
75,106,4,7513
75,105,3,7516
76,104,5,7521
76,104,3,7524
76,104,2,7526
76,103,5,7531
76,102,4,7535
76,102,3,7538
76,102,4,7542
75,101,17,7559
74,101,4,7563
74,102,2,7565
74,102,6,7571
73,102,3,7574
73,102,5,7579
72,102,4,7583
72,103,4,7587
71,103,3,7590
71,103,4,7594
70,104,4,7598
70,104,3,7601
69,104,4,7605
69,105,3,7608
68,105,4,7612
68,106,3,7615
67,106,5,7620
67,106,2,7622
66,107,5,7627
66,108,3,7630
65,108,4,7634
65,109,4,7638
64,110,2,7640
64,110,4,7644
64,111,3,7647
63,112,4,7651
63,112,3,7654
62,113,4,7658
62,114,2,7660
62,114,5,7665
61,116,3,7668
61,116,5,7673
60,117,4,7677
60,118,3,7680
60,119,4,7684
59,120,4,7688
59,121,4,7692
58,122,3,7695
58,123,6,7701
58,124,3,7704
57,125,4,7708
57,126,4,7712
56,127,3,7715
56,128,5,7720
56,129,4,7724
55,130,3,7727
55,130,4,7731
55,132,6,7737
54,132,2,7739
54,133,4,7743
54,134,2,7745
54,135,5,7750
53,136,2,7752
53,137,4,7756
53,137,3,7759
53,138,6,7765
52,140,4,7769
52,140,3,7772
52,141,5,7777
52,142,3,7780
52,142,2,7782
52,143,4,7786
52,144,3,7789
53,144,6,7795
53,145,2,7797
53,146,3,7800
53,146,4,7804
53,146,4,7808
54,147,2,7810
54,147,6,7816
54,147,4,7820
55,147,3,7823
55,147,5,7828
56,147,2,7830
56,147,4,7834
56,146,2,7836
56,146,4,7840
57,146,3,7843
57,146,3,7846
58,146,4,7850
58,145,4,7854
58,145,3,7857
59,144,4,7861
60,144,3,7864
60,144,4,7868
60,143,2,7870
61,142,6,7876
61,142,3,7879
62,141,3,7882
62,140,3,7885
62,140,3,7888
63,138,7,7895
64,138,3,7898
64,137,4,7902
65,136,4,7906
65,136,3,7909
66,134,5,7914
66,134,2,7916
66,132,6,7922
67,131,4,7926
67,131,2,7928
68,130,4,7932
68,128,9,7941
69,126,4,7945
69,126,3,7948
70,124,5,7953
70,123,4,7957
70,122,3,7960
71,121,4,7964
71,120,3,7967
71,120,3,7970
72,119,2,7972
72,118,4,7976
72,117,4,7980
72,116,4,7984
73,114,6,7990
73,114,2,7992
74,113,4,7996
74,112,3,7999
74,111,4,8003
74,110,3,8006
75,109,4,8010
75,108,3,8013
75,108,3,8016
75,107,4,8020
76,106,5,8025
76,105,2,8027
76,104,5,8032
76,103,4,8036
76,102,3,8039
76,102,3,8042
76,101,3,8045
76,100,5,8050
76,100,2,8052
76,99,4,8056
