68,125,5,5
68,125,2,7
68,125,4,11
68,125,4,15
68,125,3,18
68,125,3,21
68,125,4,25
68,125,2,27
68,125,4,31
68,125,3,34
68,125,3,37
68,125,3,40
68,125,2,42
67,125,4,46
67,125,5,51
67,125,3,54
67,125,3,57
67,125,3,60
67,125,4,64
67,125,3,67
67,125,4,71
67,125,3,74
67,125,6,80
67,125,3,83
67,125,4,87
67,125,5,92
67,125,2,94
67,125,4,98
67,125,5,103
67,125,3,106
67,125,4,110
67,125,2,112
67,125,4,116
67,125,4,120
67,125,3,123
66,125,3,126
66,125,5,131
66,125,5,136
66,125,4,140
66,125,4,144
66,125,9,153
66,125,7,160
65,125,3,163
65,125,4,167
65,125,4,171
65,125,3,174
65,125,6,180
65,125,2,182
64,125,4,186
64,125,4,190
64,125,3,193
64,125,3,196
64,125,4,200
64,125,2,202
64,125,7,209
64,125,3,212
64,125,2,214
64,125,7,221
64,125,4,225
64,125,4,229
64,125,4,233
64,125,3,236
64,125,5,241
64,125,3,244
64,125,4,248
64,125,2,250
64,125,4,254
65,125,5,259
65,125,2,261
65,125,3,264
65,125,4,268
65,125,4,272
65,125,3,275
65,125,5,280
65,125,3,283
65,125,2,285
65,125,5,290
65,125,3,293
65,125,3,296
65,125,4,300
65,125,7,307
65,125,2,309
65,125,4,313
65,125,2,315
65,125,6,321
65,125,4,325
65,125,3,328
65,125,3,331
65,125,4,335
65,125,4,339
65,125,2,341
65,125,20,361
65,125,8,369
65,125,3,372
65,125,3,375
65,125,3,378
65,125,3,381
65,125,2,383
65,125,4,387
65,125,4,391
65,125,2,393
65,125,4,397
65,125,4,401
65,125,6,407
65,125,3,410
65,125,3,413
65,125,4,417
65,125,2,419
65,125,4,423
65,125,3,426
66,125,3,429
66,125,4,433
66,125,4,437
66,125,3,440
66,125,4,444
66,125,5,449
66,125,3,452
66,125,5,457
66,125,3,460
66,125,3,463
66,125,4,467
66,125,3,470
66,125,3,473
67,125,10,483
67,125,6,489
67,125,4,493
67,125,4,497
67,125,4,501
67,125,3,504
68,125,5,509
68,125,3,512
68,125,2,514
68,125,4,518
68,125,2,520
68,125,3,523
68,126,4,527
68,126,2,529
68,126,4,533
68,126,3,536
68,126,3,539
68,126,3,542
68,126,7,549
68,126,5,554
68,126,5,559
68,126,4,563
68,126,6,569
68,126,3,572
68,126,6,578
68,126,3,581
68,126,3,584
68,126,5,589
68,126,2,591
69,127,3,594
69,127,5,599
69,127,3,602
69,127,4,606
69,127,3,609
69,127,3,612
69,127,4,616
68,127,2,618
68,127,4,622
68,127,3,625
68,127,3,628
68,127,3,631
68,127,4,635
68,127,3,638
68,128,3,641
68,128,3,644
68,128,4,648
68,128,3,651
68,128,5,656
68,128,3,659
68,128,7,666
68,128,3,669
68,128,3,672
68,128,4,676
68,128,2,678
68,128,4,682
68,128,4,686
68,128,3,689
68,128,2,691
68,128,6,697
68,128,3,700
68,128,2,702
68,128,4,706
68,128,3,709
68,128,5,714
68,128,3,717
68,128,2,719
68,128,4,723
68,128,4,727
68,128,2,729
68,128,4,733
68,128,2,735
68,128,3,738
68,128,3,741
68,128,4,745
68,127,3,748
68,127,4,752
68,127,2,754
68,127,5,759
68,128,3,762
68,128,4,766
67,128,2,768
67,128,4,772
67,128,2,774
67,128,4,778
66,128,3,781
66,128,4,785
66,128,3,788
66,128,5,793
66,128,3,796
66,128,5,801
66,128,2,803
65,128,5,808
65,128,4,812
65,128,3,815
65,128,2,817
65,128,5,822
64,128,3,825
64,128,2,827
64,128,3,830
64,128,3,833
64,128,3,836
64,128,4,840
64,128,2,842
64,128,4,846
64,128,4,850
64,128,6,856
64,128,4,860
64,128,3,863
64,128,3,866
63,128,4,870
63,128,5,875
63,128,4,879
63,128,4,883
63,128,4,887
63,128,4,891
63,128,3,894
63,128,5,899
63,128,2,901
62,128,4,905
62,128,4,909
62,128,2,911
62,128,3,914
62,128,4,918
62,128,3,921
62,128,4,925
62,128,4,929
62,128,2,931
62,128,4,935
62,128,6,941
62,128,4,945
62,128,4,949
62,128,4,953
62,128,3,956
62,128,5,961
62,128,2,963
62,128,5,968
62,128,3,971
62,128,4,975
62,128,4,979
63,128,3,982
63,128,4,986
63,128,4,990
63,128,3,993
63,128,5,998
63,128,3,1001
63,128,3,1004
63,128,4,1008
63,128,4,1012
63,128,3,1015
64,128,3,1018
64,128,3,1021
64,128,2,1023
64,128,5,1028
64,128,3,1031
64,128,2,1033
64,128,3,1036
64,128,5,1041
64,128,3,1044
65,128,3,1047
65,128,4,1051
65,128,4,1055
66,128,5,1060
66,128,3,1063
66,128,6,1069
66,128,4,1073
66,128,3,1076
67,128,5,1081
67,128,2,1083
67,128,5,1088
67,128,3,1091
68,128,2,1093
68,128,3,1096
68,128,5,1101
68,128,2,1103
68,128,5,1108
68,128,2,1110
68,128,4,1114
68,128,3,1117
69,128,3,1120
69,128,3,1123
69,128,4,1127
69,128,3,1130
69,128,4,1134
69,128,3,1137
70,128,4,1141
70,128,3,1144
70,128,4,1148
70,128,2,1150
70,128,4,1154
70,128,4,1158
70,128,6,1164
70,128,4,1168
70,128,2,1170
70,128,4,1174
70,128,4,1178
70,128,6,1184
71,128,4,1188
71,128,2,1190
71,128,4,1194
71,128,3,1197
71,128,4,1201
71,128,3,1204
71,128,7,1211
71,128,4,1215
71,128,3,1218
71,128,3,1221
71,128,3,1224
71,128,4,1228
71,128,2,1230
71,128,4,1234
71,128,3,1237
71,128,3,1240
71,128,4,1244
71,128,4,1248
71,128,2,1250
71,128,3,1253
71,128,5,1258
71,128,4,1262
71,128,3,1265
71,128,5,1270
71,128,4,1274
71,128,3,1277
71,128,4,1281
71,128,3,1284
71,128,4,1288
70,128,3,1291
70,128,2,1293
70,128,4,1297
70,128,4,1301
70,128,3,1304
70,128,15,1319
70,128,12,1331
69,128,2,1333
69,128,9,1342
68,128,2,1344
68,128,5,1349
68,128,2,1351
68,128,3,1354
68,128,4,1358
68,128,5,1363
67,128,6,1369
67,128,2,1371
67,128,5,1376
66,128,3,1379
66,128,3,1382
66,128,2,1384
66,128,6,1390
66,128,3,1393
66,128,4,1397
66,128,3,1400
65,128,3,1403
65,128,4,1407
65,128,3,1410
65,128,3,1413
64,128,4,1417
64,128,4,1421
64,128,2,1423
64,128,4,1427
64,128,2,1429
64,128,4,1433
64,128,4,1437
64,128,3,1440
64,128,3,1443
63,128,4,1447
63,128,2,1449
63,128,4,1453
63,128,3,1456
63,128,5,1461
63,128,2,1463
62,128,6,1469
62,128,3,1472
62,128,4,1476
62,128,3,1479
62,128,3,1482
62,127,5,1487
62,127,3,1490
62,127,12,1502
62,127,4,1506
62,127,3,1509
62,127,3,1512
62,127,4,1516
62,127,3,1519
62,127,6,1525
62,127,3,1528
62,127,3,1531
62,127,5,1536
62,127,3,1539
62,127,3,1542
62,127,3,1545
62,127,5,1550
62,127,3,1553
62,127,5,1558
62,127,2,1560
62,127,7,1567
62,127,3,1570
62,127,4,1574
62,127,4,1578
62,127,3,1581
62,128,12,1593
63,128,3,1596
63,128,3,1599
63,128,3,1602
63,128,4,1606
63,128,3,1609
63,128,5,1614
63,128,4,1618
63,128,2,1620
63,128,5,1625
63,128,2,1627
63,128,3,1630
63,128,4,1634
64,128,2,1636
64,128,4,1640
64,128,3,1643
64,128,4,1647
64,128,4,1651
64,128,4,1655
64,128,3,1658
64,128,7,1665
65,128,3,1668
65,128,4,1672
65,128,4,1676
66,128,4,1680
66,128,4,1684
66,128,2,1686
66,128,4,1690
66,128,3,1693
66,128,4,1697
67,128,4,1701
67,128,3,1704
67,128,3,1707
68,128,4,1711
68,128,5,1716
68,128,4,1720
68,128,4,1724
68,128,3,1727
68,128,3,1730
68,128,4,1734
69,128,6,1740
69,128,4,1744
69,128,2,1746
70,128,4,1750
70,128,4,1754
70,128,3,1757
70,128,3,1760
70,128,7,1767
70,128,3,1770
70,128,4,1774
70,128,4,1778
70,128,2,1780
71,128,5,1785
71,128,4,1789
71,128,4,1793
71,128,3,1796
71,128,3,1799
71,128,4,1803
71,128,2,1805
72,128,4,1809
72,128,3,1812
72,128,5,1817
72,128,2,1819
72,128,4,1823
72,128,2,1825
72,128,4,1829
72,128,3,1832
72,128,4,1836
72,128,3,1839
72,128,5,1844
72,128,3,1847
72,128,5,1852
72,128,3,1855
72,128,4,1859
72,128,3,1862
72,128,7,1869
72,128,4,1873
72,128,3,1876
72,128,3,1879
72,128,4,1883
72,128,3,1886
72,128,3,1889
72,128,4,1893
72,128,3,1896
72,128,4,1900
72,128,4,1904
72,128,2,1906
71,128,4,1910
71,128,6,1916
71,128,4,1920
71,128,3,1923
71,128,4,1927
70,128,4,1931
70,128,3,1934
70,128,4,1938
70,128,4,1942
70,128,4,1946
70,128,2,1948
70,128,4,1952
69,128,3,1955
69,128,3,1958
69,128,4,1962
68,128,3,1965
68,128,6,1971
68,128,4,1975
68,128,3,1978
68,128,5,1983
67,128,4,1987
67,128,4,1991
66,128,4,1995
66,128,3,1998
66,128,5,2003
66,128,3,2006
66,128,4,2010
65,128,4,2014
65,128,3,2017
65,128,4,2021
65,128,2,2023
64,128,4,2027
64,128,4,2031
64,128,3,2034
64,128,3,2037
64,128,6,2043
64,128,2,2045
64,128,2,2047
63,128,5,2052
63,128,3,2055
63,128,3,2058
63,128,4,2062
63,128,3,2065
62,128,1,2066
62,128,6,2072
62,128,6,2078
62,128,2,2080
62,128,4,2084
62,128,5,2089
62,128,5,2094
62,127,4,2098
61,127,4,2102
61,127,3,2105
61,127,3,2108
61,127,3,2111
61,127,3,2114
61,127,4,2118
61,127,4,2122
61,127,2,2124
61,127,9,2133
60,127,5,2138
60,127,2,2140
60,127,4,2144
60,127,4,2148
60,127,3,2151
60,127,3,2154
60,127,4,2158
60,127,2,2160
60,127,4,2164
60,127,3,2167
60,127,6,2173
60,127,5,2178
60,127,4,2182
60,127,2,2184
61,127,4,2188
61,127,4,2192
61,127,8,2200
61,127,6,2206
61,127,6,2212
61,127,4,2216
62,127,6,2222
62,128,5,2227
62,128,5,2232
62,128,9,2241
63,128,9,2250
63,128,3,2253
64,128,7,2260
64,128,8,2268
65,128,12,2280
66,128,9,2289
66,128,9,2298
66,128,4,2302
67,128,6,2308
67,128,7,2315
68,128,8,2323
68,128,5,2328
68,128,6,2334
68,128,4,2338
69,128,9,2347
69,128,2,2349
70,128,6,2355
70,128,4,2359
70,128,13,2372
70,128,6,2378
71,128,14,2392
71,128,14,2406
71,128,3,2409
72,128,7,2416
72,128,6,2422
72,128,10,2432
72,128,4,2436
72,128,6,2442
72,128,7,2449
72,128,6,2455
72,128,6,2461
72,128,13,2474
72,128,3,2477
72,128,20,2497
72,128,8,2505
72,128,6,2511
71,128,11,2522
71,128,9,2531
70,128,6,2537
70,128,6,2543
70,128,5,2548
70,128,5,2553
70,128,5,2558
69,128,6,2564
69,128,3,2567
68,128,4,2571
68,128,5,2576
68,128,2,2578
68,128,6,2584
67,128,6,2590
67,128,4,2594
67,128,3,2597
66,128,4,2601
66,128,2,2603
66,128,4,2607
66,128,3,2610
66,128,3,2613
66,128,3,2616
66,128,5,2621
65,128,2,2623
65,128,4,2627
65,128,3,2630
64,128,4,2634
64,128,3,2637
64,128,5,2642
64,128,3,2645
64,128,3,2648
64,128,4,2652
64,128,2,2654
64,128,3,2657
63,128,5,2662
63,128,3,2665
63,128,5,2670
63,128,3,2673
62,128,4,2677
62,128,4,2681
62,128,4,2685
62,128,3,2688
62,127,5,2693
62,127,2,2695
62,127,6,2701
62,127,2,2703
62,127,2,2705
62,127,4,2709
61,127,5,2714
61,127,3,2717
61,127,4,2721
61,127,2,2723
61,127,4,2727
61,127,4,2731
61,127,3,2734
61,127,3,2737
61,127,4,2741
61,127,3,2744
61,127,3,2747
61,127,4,2751
61,127,4,2755
61,127,3,2758
61,127,5,2763
61,127,5,2768
61,127,5,2773
61,127,4,2777
61,127,3,2780
61,127,4,2784
61,127,3,2787
61,127,7,2794
61,127,3,2797
61,127,5,2802
61,127,4,2806
61,127,2,2808
62,127,5,2813
62,127,3,2816
62,127,4,2820
62,127,3,2823
62,127,4,2827
62,127,3,2830
62,127,5,2835
62,127,2,2837
63,127,4,2841
63,128,2,2843
63,128,4,2847
63,128,3,2850
64,128,3,2853
64,128,4,2857
64,128,4,2861
64,128,2,2863
64,128,4,2867
64,128,4,2871
65,128,4,2875
65,128,3,2878
65,128,5,2883
66,128,2,2885
66,128,6,2891
66,128,2,2893
66,128,4,2897
66,128,3,2900
67,128,4,2904
67,128,3,2907
67,128,4,2911
67,128,2,2913
68,128,9,2922
68,128,3,2925
68,128,2,2927
68,128,5,2932
68,128,2,2934
69,128,5,2939
69,128,3,2942
69,128,3,2945
69,128,2,2947
70,128,5,2952
70,128,3,2955
70,128,4,2959
70,128,3,2962
70,128,4,2966
70,128,4,2970
70,128,3,2973
70,128,3,2976
70,128,4,2980
71,128,2,2982
71,128,5,2987
71,128,3,2990
71,128,4,2994
71,128,2,2996
71,128,4,3000
71,128,2,3002
72,128,4,3006
72,128,4,3010
72,128,3,3013
72,128,3,3016
72,128,6,3022
72,128,3,3025
72,128,3,3028
72,128,4,3032
72,128,3,3035
72,128,4,3039
72,128,3,3042
72,128,3,3045
72,128,3,3048
72,128,4,3052
72,128,3,3055
72,128,4,3059
72,128,4,3063
72,128,2,3065
72,128,4,3069
72,128,15,3084
72,128,6,3090
72,128,3,3093
72,128,3,3096
72,128,5,3101
72,128,3,3104
72,128,6,3110
72,128,4,3114
72,128,4,3118
72,128,5,3123
72,128,2,3125
72,128,5,3130
72,128,2,3132
72,128,4,3136
71,128,3,3139
71,128,3,3142
71,128,3,3145
71,128,4,3149
70,128,3,3152
70,128,5,3157
70,128,2,3159
70,128,3,3162
70,128,3,3165
69,128,5,3170
69,128,7,3177
68,128,6,3183
68,128,6,3189
68,128,4,3193
67,128,3,3196
67,128,5,3201
66,128,2,3203
66,128,5,3208
66,128,2,3210
66,128,5,3215
65,128,4,3219
65,128,3,3222
65,128,3,3225
64,128,3,3228
64,128,2,3230
64,128,5,3235
64,128,3,3238
64,128,7,3245
63,128,7,3252
62,128,6,3258
62,128,10,3268
62,128,9,3277
61,128,14,3291
60,128,13,3304
60,128,8,3312
59,128,15,3327
59,127,7,3334
59,127,6,3340
58,127,14,3354
58,127,6,3360
58,127,7,3367
59,127,10,3377
59,127,8,3385
59,127,4,3389
59,127,7,3396
60,127,10,3406
60,127,3,3409
60,127,8,3417
61,128,8,3425
61,128,4,3429
62,128,6,3435
62,128,5,3440
63,128,10,3450
64,128,5,3455
64,128,5,3460
64,128,5,3465
65,128,8,3473
66,128,9,3482
66,128,17,3499
67,128,7,3506
68,128,13,3519
68,128,2,3521
68,128,7,3528
69,128,11,3539
70,128,7,3546
70,128,6,3552
70,128,7,3559
70,128,7,3566
71,128,7,3573
71,128,7,3580
71,128,5,3585
72,128,5,3590
72,128,2,3592
72,128,5,3597
72,128,5,3602
72,128,3,3605
72,128,3,3608
72,128,3,3611
72,128,5,3616
72,128,2,3618
72,128,3,3621
72,128,3,3624
72,128,3,3627
72,128,3,3630
72,128,3,3633
72,128,2,3635
73,128,4,3639
73,128,3,3642
73,128,4,3646
73,128,3,3649
73,128,4,3653
73,128,3,3656
73,128,3,3659
73,128,3,3662
73,128,5,3667
73,128,2,3669
73,128,4,3673
73,128,2,3675
73,128,4,3679
73,128,4,3683
73,128,3,3686
72,128,3,3689
72,128,4,3693
72,128,2,3695
72,128,9,3704
72,128,3,3707
72,128,2,3709
72,128,5,3714
72,128,3,3717
72,128,5,3722
72,128,2,3724
72,128,4,3728
72,128,4,3732
72,128,3,3735
72,128,3,3738
72,128,4,3742
72,128,3,3745
72,128,3,3748
71,128,4,3752
71,128,3,3755
71,128,3,3758
71,128,4,3762
71,128,3,3765
70,128,3,3768
70,128,6,3774
70,128,2,3776
70,128,3,3779
70,128,5,3784
70,128,2,3786
69,128,5,3791
69,128,3,3794
69,128,4,3798
68,128,4,3802
68,128,3,3805
68,128,3,3808
68,128,4,3812
68,128,3,3815
68,128,4,3819
67,128,3,3822
67,128,3,3825
67,128,5,3830
66,128,3,3833
66,128,3,3836
66,128,4,3840
66,128,2,3842
66,128,4,3846
66,128,3,3849
65,128,4,3853
65,128,3,3856
65,128,5,3861
64,128,4,3865
64,128,5,3870
64,128,3,3873
64,128,4,3877
64,128,4,3881
64,128,4,3885
64,128,4,3889
63,128,4,3893
63,128,5,3898
63,128,3,3901
63,128,3,3904
62,128,5,3909
62,128,3,3912
62,128,6,3918
62,128,5,3923
62,128,2,3925
62,128,4,3929
62,128,2,3931
62,128,4,3935
62,128,3,3938
62,127,3,3941
62,127,3,3944
62,127,5,3949
62,127,2,3951
62,127,4,3955
62,127,3,3958
61,127,3,3961
61,127,4,3965
61,127,5,3970
61,127,2,3972
61,127,7,3979
61,127,4,3983
61,127,2,3985
61,127,6,3991
61,127,3,3994
61,127,3,3997
61,127,5,4002
61,127,3,4005
61,127,4,4009
61,127,2,4011
61,127,4,4015
61,127,5,4020
61,127,3,4023
61,127,5,4028
61,127,2,4030
61,127,4,4034
61,127,3,4037
62,127,4,4041
62,127,3,4044
62,127,4,4048
62,127,4,4052
62,128,3,4055
62,128,3,4058
62,128,2,4060
62,128,4,4064
62,128,3,4067
62,128,4,4071
62,128,3,4074
62,128,4,4078
62,128,2,4080
63,128,4,4084
63,128,3,4087
63,128,4,4091
63,128,3,4094
64,128,7,4101
64,128,3,4104
64,128,3,4107
64,128,3,4110
64,128,3,4113
65,128,6,4119
65,128,3,4122
65,128,2,4124
66,128,5,4129
66,128,4,4133
66,128,4,4137
66,128,3,4140
66,128,3,4143
66,128,4,4147
66,128,2,4149
67,128,4,4153
67,128,6,4159
68,128,5,4164
68,128,5,4169
68,128,2,4171
68,128,15,4186
69,128,5,4191
69,128,8,4199
69,128,7,4206
70,128,5,4211
70,128,10,4221
70,128,6,4227
70,128,4,4231
70,128,6,4237
70,128,5,4242
70,128,8,4250
71,128,4,4254
71,128,11,4265
71,128,5,4270
71,128,7,4277
71,128,11,4288
71,128,5,4293
71,128,11,4304
71,128,5,4309
71,128,9,4318
71,128,3,4321
71,128,6,4327
71,128,8,4335
71,128,6,4341
71,128,7,4348
71,128,7,4355
71,128,6,4361
71,128,9,4370
71,128,9,4379
71,128,4,4383
71,128,3,4386
71,128,9,4395
71,128,8,4403
71,128,11,4414
70,128,8,4422
70,128,3,4425
70,128,6,4431
70,128,8,4439
69,128,5,4444
69,128,6,4450
68,128,8,4458
68,128,8,4466
67,128,17,4483
66,128,12,4495
65,128,11,4506
65,128,7,4513
64,128,4,4517
64,128,3,4520
64,128,4,4524
64,128,3,4527
64,128,5,4532
64,128,4,4536
64,128,3,4539
64,128,4,4543
64,128,3,4546
63,128,5,4551
63,128,3,4554
63,128,3,4557
63,128,4,4561
63,128,4,4565
62,128,2,4567
62,128,5,4572
62,128,3,4575
62,128,5,4580
62,128,4,4584
62,128,2,4586
62,128,5,4591
62,128,2,4593
62,128,5,4598
62,128,3,4601
62,128,4,4605
62,128,5,4610
62,128,3,4613
62,128,2,4615
62,128,2,4617
62,128,4,4621
62,128,2,4623
62,128,3,4626
62,128,5,4631
62,128,3,4634
62,128,3,4637
62,128,5,4642
62,128,2,4644
62,128,3,4647
62,128,4,4651
62,128,5,4656
62,128,4,4660
62,128,4,4664
62,128,2,4666
63,128,4,4670
63,128,2,4672
63,128,4,4676
63,128,4,4680
63,128,3,4683
63,128,3,4686
63,128,4,4690
63,128,3,4693
64,128,7,4700
64,128,4,4704
64,128,5,4709
64,128,3,4712
64,128,4,4716
64,128,4,4720
64,128,2,4722
64,128,3,4725
64,128,4,4729
64,128,3,4732
64,128,3,4735
65,128,5,4740
65,128,3,4743
65,128,3,4746
65,128,3,4749
66,128,3,4752
66,128,3,4755
66,128,6,4761
66,128,3,4764
66,128,2,4766
66,128,4,4770
66,128,5,4775
66,128,4,4779
67,128,3,4782
67,128,4,4786
67,128,3,4789
67,128,3,4792
67,128,4,4796
68,128,6,4802
68,128,4,4806
68,128,4,4810
68,128,4,4814
68,128,4,4818
68,128,4,4822
68,128,3,4825
68,128,4,4829
68,128,2,4831
68,128,4,4835
68,128,4,4839
68,128,3,4842
69,128,3,4845
69,128,4,4849
69,128,2,4851
69,128,4,4855
69,128,3,4858
69,128,7,4865
69,128,4,4869
69,128,2,4871
69,128,5,4876
69,128,8,4884
69,128,4,4888
69,128,2,4890
69,128,5,4895
69,128,4,4899
69,128,4,4903
69,128,3,4906
69,128,5,4911
69,128,3,4914
69,128,4,4918
68,128,3,4921
68,128,3,4924
68,128,4,4928
68,128,2,4930
68,128,4,4934
68,128,3,4937
68,128,3,4940
68,128,3,4943
68,128,5,4948
68,128,2,4950
68,128,4,4954
68,128,3,4957
68,128,4,4961
68,128,2,4963
68,128,5,4968
68,128,2,4970
68,128,7,4977
68,128,3,4980
68,128,3,4983
68,128,6,4989
68,128,4,4993
68,128,3,4996
68,128,6,5002
68,128,5,5007
68,128,2,5009
68,128,4,5013
68,128,3,5016
68,128,4,5020
68,128,3,5023
68,128,4,5027
68,128,2,5029
68,128,10,5039
68,128,2,5041
68,128,5,5046
68,128,2,5048
68,128,4,5052
68,128,4,5056
68,128,6,5062
68,128,4,5066
68,128,2,5068
67,128,4,5072
67,128,3,5075
67,128,4,5079
67,128,3,5082
66,128,4,5086
66,128,3,5089
66,128,4,5093
66,128,3,5096
66,128,4,5100
66,128,4,5104
66,128,4,5108
65,128,3,5111
65,128,5,5116
65,128,2,5118
65,128,4,5122
64,128,4,5126
64,128,3,5129
64,128,9,5138
64,128,4,5142
64,128,4,5146
64,128,4,5150
64,128,3,5153
64,128,3,5156
64,128,3,5159
64,128,4,5163
63,128,3,5166
63,128,3,5169
63,128,3,5172
63,128,4,5176
63,128,5,5181
63,127,6,5187
62,127,5,5192
62,127,4,5196
62,127,5,5201
62,127,4,5205
62,127,4,5209
62,127,3,5212
62,127,5,5217
62,127,3,5220
62,127,5,5225
62,127,2,5227
62,127,4,5231
62,127,3,5234
62,127,3,5237
62,127,3,5240
62,127,5,5245
62,127,2,5247
62,127,4,5251
62,127,3,5254
62,128,4,5258
62,128,3,5261
62,128,5,5266
62,128,4,5270
63,128,2,5272
63,128,9,5281
63,128,5,5286
63,128,3,5289
63,128,3,5292
63,128,4,5296
63,128,3,5299
63,128,5,5304
63,128,4,5308
63,128,3,5311
63,128,5,5316
63,128,2,5318
63,128,3,5321
63,128,4,5325
63,128,3,5328
63,128,3,5331
63,128,4,5335
63,128,2,5337
63,128,4,5341
64,128,4,5345
64,128,2,5347
64,128,3,5350
64,128,4,5354
64,128,3,5357
64,128,4,5361
64,128,4,5365
64,128,4,5369
65,128,2,5371
65,128,4,5375
65,128,2,5377
66,128,5,5382
66,128,4,5386
66,128,3,5389
66,128,4,5393
66,128,2,5395
66,128,4,5399
67,128,5,5404
67,128,4,5408
67,128,6,5414
68,128,4,5418
68,128,3,5421
68,128,4,5425
68,128,3,5428
68,128,5,5433
68,128,2,5435
68,128,4,5439
68,128,4,5443
69,128,4,5447
69,128,3,5450
69,128,5,5455
69,128,2,5457
70,128,5,5462
70,128,3,5465
70,128,3,5468
70,128,3,5471
70,128,3,5474
70,128,11,5485
70,128,3,5488
70,128,4,5492
70,128,3,5495
70,128,3,5498
70,128,3,5501
70,128,3,5504
70,128,3,5507
71,128,4,5511
71,128,5,5516
71,128,4,5520
71,128,3,5523
71,128,4,5527
71,128,4,5531
71,128,3,5534
71,128,3,5537
71,128,4,5541
71,128,2,5543
71,128,4,5547
71,128,3,5550
71,128,3,5553
71,128,3,5556
71,128,5,5561
71,128,3,5564
71,128,3,5567
71,128,4,5571
71,128,4,5575
71,128,2,5577
71,128,4,5581
71,128,3,5584
71,128,3,5587
71,128,4,5591
71,128,3,5594
70,128,2,5596
70,128,4,5600
70,128,2,5602
70,128,4,5606
70,128,4,5610
70,128,4,5614
70,128,2,5616
70,128,4,5620
70,128,2,5622
70,128,3,5625
70,128,4,5629
69,128,3,5632
69,128,3,5635
69,128,4,5639
69,128,3,5642
68,128,3,5645
68,128,3,5648
68,128,3,5651
68,128,3,5654
68,128,5,5659
68,128,2,5661
67,128,4,5665
67,128,4,5669
67,128,6,5675
66,128,6,5681
66,128,4,5685
66,128,5,5690
66,128,3,5693
66,128,3,5696
66,128,5,5701
66,128,5,5706
65,128,3,5709
65,128,5,5714
65,128,4,5718
64,128,4,5722
64,128,2,5724
64,128,4,5728
64,128,2,5730
64,128,4,5734
64,128,3,5737
64,128,4,5741
64,128,3,5744
64,128,4,5748
64,128,2,5750
64,128,4,5754
64,128,4,5758
64,128,3,5761
64,128,2,5763
64,128,4,5767
63,128,3,5770
63,128,3,5773
63,128,3,5776
63,128,3,5779
63,128,3,5782
63,128,4,5786
63,128,2,5788
63,128,4,5792
63,128,4,5796
63,128,5,5801
63,128,5,5806
63,128,3,5809
63,128,4,5813
63,128,3,5816
63,128,3,5819
63,128,3,5822
63,128,5,5827
62,128,4,5831
62,128,3,5834
62,128,3,5837
62,128,3,5840
62,128,4,5844
62,128,3,5847
62,128,3,5850
62,128,3,5853
62,128,5,5858
62,128,4,5862
62,128,3,5865
62,128,3,5868
62,128,3,5871
62,128,4,5875
62,128,2,5877
62,128,4,5881
62,128,4,5885
63,128,4,5889
63,128,2,5891
63,128,5,5896
63,128,3,5899
63,128,5,5904
63,128,2,5906
64,128,7,5913
64,128,4,5917
64,128,3,5920
64,128,4,5924
64,128,4,5928
65,128,3,5931
65,128,3,5934
65,128,2,5936
66,128,3,5939
66,128,5,5944
66,128,3,5947
66,128,4,5951
66,128,3,5954
67,128,4,5958
67,128,5,5963
68,128,15,5978
68,128,5,5983
69,128,3,5986
69,128,3,5989
70,128,7,5996
70,128,4,6000
70,128,4,6004
70,128,5,6009
70,128,5,6014
70,128,3,6017
71,128,3,6020
71,128,4,6024
71,128,3,6027
71,128,3,6030
72,128,4,6034
72,128,3,6037
72,128,3,6040
72,128,4,6044
72,128,2,6046
72,128,4,6050
72,128,3,6053
72,128,3,6056
72,128,5,6061
73,128,4,6065
73,128,6,6071
73,128,7,6078
73,128,3,6081
74,128,3,6084
74,128,4,6088
74,128,5,6093
74,128,2,6095
74,128,5,6100
74,128,3,6103
74,128,3,6106
74,128,3,6109
74,128,6,6115
74,128,6,6121
74,128,4,6125
74,128,3,6128
74,128,4,6132
74,128,2,6134
74,128,4,6138
74,128,3,6141
73,128,3,6144
73,128,4,6148
73,128,4,6152
73,128,2,6154
73,128,4,6158
73,128,4,6162
72,128,5,6167
72,128,5,6172
72,128,2,6174
72,128,4,6178
72,128,3,6181
72,128,3,6184
71,128,3,6187
71,128,7,6194
71,128,3,6197
71,128,4,6201
70,128,4,6205
70,128,3,6208
70,128,4,6212
70,128,5,6217
70,128,3,6220
68,128,16,6236
68,128,2,6238
68,128,5,6243
68,128,4,6247
68,128,4,6251
68,128,3,6254
68,128,3,6257
67,128,4,6261
67,128,2,6263
67,128,5,6268
67,128,3,6271
66,128,3,6274
66,128,3,6277
66,128,4,6281
66,128,3,6284
66,128,5,6289
66,128,5,6294
66,128,3,6297
66,128,5,6302
65,128,4,6306
65,128,5,6311
65,128,8,6319
64,128,5,6324
64,128,3,6327
64,128,3,6330
64,128,4,6334
64,128,2,6336
64,128,4,6340
64,128,4,6344
64,128,5,6349
64,128,3,6352
64,128,3,6355
64,128,3,6358
64,128,3,6361
64,128,2,6363
64,128,6,6369
64,128,4,6373
64,128,4,6377
64,128,3,6380
64,128,4,6384
64,128,5,6389
64,128,2,6391
64,128,5,6396
64,128,4,6400
64,128,5,6405
64,128,3,6408
64,128,4,6412
64,128,4,6416
64,128,4,6420
64,128,2,6422
64,128,6,6428
64,128,2,6430
64,128,3,6433
64,128,4,6437
64,128,3,6440
64,128,3,6443
64,128,5,6448
64,128,2,6450
64,128,5,6455
64,128,3,6458
64,128,11,6469
64,128,3,6472
64,128,4,6476
64,128,4,6480
64,128,11,6491
64,128,5,6496
64,128,2,6498
64,128,4,6502
64,128,3,6505
64,128,4,6509
64,128,3,6512
64,128,5,6517
64,128,4,6521
64,128,4,6525
64,128,2,6527
64,128,3,6530
64,128,10,6540
64,128,6,6546
64,128,6,6552
65,128,3,6555
65,128,3,6558
65,128,2,6560
66,128,6,6566
66,128,4,6570
66,128,4,6574
66,128,4,6578
66,128,3,6581
67,128,5,6586
67,128,4,6590
67,128,4,6594
68,128,4,6598
68,128,2,6600
68,128,4,6604
68,128,3,6607
68,128,6,6613
68,128,5,6618
68,128,2,6620
69,128,4,6624
69,128,3,6627
69,128,4,6631
69,128,3,6634
69,128,4,6638
70,128,3,6641
70,128,4,6645
70,128,2,6647
70,128,5,6652
70,128,2,6654
70,128,3,6657
70,128,3,6660
70,128,4,6664
70,128,3,6667
71,128,5,6672
71,128,4,6676
71,128,3,6679
71,128,2,6681
71,128,2,6683
71,128,3,6686
71,128,4,6690
71,128,3,6693
71,128,5,6698
71,128,3,6701
71,128,2,6703
72,128,6,6709
72,128,4,6713
72,128,5,6718
72,128,2,6720
72,128,4,6724
72,128,3,6727
72,128,4,6731
72,128,3,6734
72,128,4,6738
72,128,2,6740
71,128,4,6744
71,128,4,6748
71,128,4,6752
71,128,2,6754
71,128,4,6758
71,128,3,6761
71,128,6,6767
71,128,4,6771
71,128,3,6774
71,128,4,6778
71,128,2,6780
71,128,3,6783
71,128,5,6788
70,128,3,6791
70,128,5,6796
70,128,3,6799
70,128,4,6803
70,128,4,6807
70,128,4,6811
70,128,3,6814
70,128,5,6819
70,128,2,6821
70,128,5,6826
70,128,3,6829
69,128,4,6833
69,128,3,6836
69,128,3,6839
69,128,3,6842
68,128,4,6846
68,128,3,6849
68,128,3,6852
68,128,3,6855
68,128,5,6860
67,128,4,6864
67,128,2,6866
67,128,4,6870
67,128,2,6872
66,128,3,6875
66,128,4,6879
66,128,3,6882
66,128,4,6886
66,128,6,6892
66,128,4,6896
65,128,4,6900
65,128,3,6903
65,128,3,6906
64,128,6,6912
64,128,4,6916
64,128,4,6920
64,128,4,6924
64,128,3,6927
64,128,5,6932
64,128,2,6934
64,128,5,6939
64,128,3,6942
64,128,3,6945
63,128,4,6949
63,128,3,6952
63,128,4,6956
63,128,5,6961
63,128,3,6964
63,128,2,6966
62,128,4,6970
62,128,2,6972
62,128,4,6976
62,128,3,6979
62,128,4,6983
62,128,4,6987
62,128,5,6992
62,128,2,6994
62,128,5,6999
62,128,2,7001
62,128,4,7005
62,128,5,7010
62,128,4,7014
62,128,5,7019
62,128,3,7022
62,128,3,7025
62,128,4,7029
62,128,3,7032
62,128,3,7035
62,128,4,7039
62,128,3,7042
62,128,3,7045
62,128,3,7048
62,128,3,7051
62,128,3,7054
62,128,5,7059
62,128,3,7062
62,128,3,7065
62,128,5,7070
62,128,3,7073
63,128,4,7077
63,128,3,7080
63,128,4,7084
63,128,4,7088
63,128,3,7091
63,128,3,7094
63,128,16,7110
63,128,9,7119
63,128,5,7124
63,128,7,7131
63,128,4,7135
63,128,6,7141
64,128,7,7148
64,128,3,7151
64,128,6,7157
64,128,6,7163
64,128,7,7170
65,128,6,7176
65,128,4,7180
66,128,5,7185
66,128,10,7195
66,128,3,7198
67,128,12,7210
68,128,12,7222
68,128,8,7230
68,128,6,7236
68,128,9,7245
69,128,9,7254
69,128,8,7262
69,128,5,7267
70,128,3,7270
70,128,8,7278
70,128,8,7286
70,128,7,7293
70,128,5,7298
70,128,8,7306
70,128,8,7314
70,128,7,7321
70,128,8,7329
70,128,5,7334
70,128,9,7343
70,128,5,7348
70,128,4,7352
70,128,10,7362
70,128,3,7365
70,128,9,7374
70,128,4,7378
70,128,4,7382
70,128,4,7386
70,128,26,7412
70,128,14,7426
70,128,4,7430
70,128,8,7438
69,128,9,7447
69,128,4,7451
69,128,5,7456
68,128,10,7466
68,128,16,7482
68,128,4,7486
67,128,5,7491
67,128,5,7496
67,128,4,7500
66,128,4,7504
66,128,6,7510
66,128,5,7515
66,128,3,7518
66,128,4,7522
66,128,3,7525
66,128,4,7529
66,128,2,7531
65,128,4,7535
65,128,4,7539
65,128,3,7542
65,128,3,7545
65,128,4,7549
65,128,3,7552
64,128,3,7555
64,128,4,7559
64,128,4,7563
64,128,6,7569
64,128,2,7571
64,128,4,7575
64,128,4,7579
64,128,3,7582
64,128,3,7585
64,128,5,7590
64,128,3,7593
64,128,5,7598
64,127,5,7603
64,127,4,7607
64,127,5,7612
64,127,3,7615
64,127,5,7620
64,127,3,7623
64,127,5,7628
64,127,2,7630
64,127,3,7633
64,127,4,7637
64,127,7,7644
64,127,5,7649
64,127,2,7651
64,127,4,7655
64,127,4,7659
64,127,3,7662
64,127,4,7666
64,127,2,7668
64,127,4,7672
64,127,3,7675
64,127,4,7679
64,127,3,7682
64,127,4,7686
64,127,4,7690
64,127,6,7696
64,127,3,7699
64,128,2,7701
64,128,4,7705
64,128,3,7708
64,128,3,7711
64,128,4,7715
64,128,4,7719
64,128,2,7721
64,128,4,7725
64,128,2,7727
64,128,5,7732
64,128,4,7736
64,128,2,7738
64,128,3,7741
64,128,4,7745
64,128,3,7748
64,128,4,7752
64,128,3,7755
64,128,4,7759
64,128,3,7762
64,128,5,7767
64,128,3,7770
64,128,4,7774
64,128,3,7777
64,128,4,7781
64,128,3,7784
65,128,4,7788
65,128,3,7791
65,128,5,7796
66,128,5,7801
66,128,3,7804
66,128,6,7810
66,128,4,7814
67,128,3,7817
67,128,4,7821
67,128,3,7824
67,128,4,7828
68,128,2,7830
68,128,5,7835
68,128,2,7837
68,128,3,7840
68,128,3,7843
68,128,3,7846
68,128,3,7849
69,128,5,7854
69,128,3,7857
69,128,7,7864
70,128,3,7867
70,128,3,7870
70,128,4,7874
70,128,2,7876
70,128,4,7880
70,128,3,7883
70,128,4,7887
70,128,3,7890
71,128,6,7896
71,128,4,7900
71,128,4,7904
71,128,6,7910
71,128,4,7914
72,128,2,7916
72,128,4,7920
72,128,3,7923
72,128,4,7927
72,128,3,7930
72,128,4,7934
72,128,2,7936
72,128,4,7940
72,128,3,7943
72,128,3,7946
72,128,3,7949
72,128,5,7954
72,128,2,7956
72,128,5,7961
72,128,3,7964
73,128,3,7967
73,128,2,7969
73,128,4,7973
73,128,2,7975
73,128,4,7979
73,128,3,7982
73,128,4,7986
73,128,3,7989
73,128,4,7993
72,128,2,7995
72,128,4,7999
72,128,4,8003
72,128,4,8007
72,128,5,8012
72,128,4,8016
72,128,3,8019
72,128,6,8025
72,128,3,8028
72,128,3,8031
72,128,7,8038
71,128,5,8043
71,128,4,8047
70,128,2,8049
70,128,5,8054
70,128,3,8057
70,128,5,8062
70,128,3,8065
70,128,3,8068
69,128,3,8071
69,128,4,8075
69,128,3,8078
68,128,6,8084
68,128,4,8088
68,128,4,8092
68,128,4,8096
67,128,3,8099
67,128,5,8104
67,128,4,8108
66,128,4,8112
66,128,6,8118
66,128,6,8124
66,128,4,8128
65,128,4,8132
65,128,3,8135
65,128,3,8138
64,128,4,8142
64,128,2,8144
64,128,4,8148
64,128,3,8151
64,128,5,8156
64,128,2,8158
64,128,6,8164
64,128,3,8167
63,128,4,8171
63,128,2,8173
63,128,3,8176
63,128,4,8180
