67,85,5,5
67,85,5,10
67,85,3,13
67,85,5,18
67,85,4,22
67,85,3,25
67,85,4,29
67,85,3,32
67,85,3,35
67,85,5,40
67,85,2,42
67,85,3,45
67,85,5,50
67,85,3,53
67,85,3,56
67,85,4,60
67,85,2,62
67,85,7,69
67,85,8,77
67,85,4,81
67,85,2,83
67,85,4,87
67,85,3,90
67,85,33,123
67,85,4,127
67,85,6,133
67,85,5,138
67,85,3,141
67,85,2,143
67,85,7,150
67,85,3,153
67,85,4,157
67,85,3,160
67,85,3,163
67,85,4,167
67,85,2,169
67,85,6,175
67,85,4,179
67,85,3,182
67,85,4,186
67,85,2,188
67,85,3,191
67,85,4,195
67,85,11,206
67,85,2,208
67,85,4,212
67,85,4,216
67,85,4,220
67,85,2,222
67,85,8,230
67,85,4,234
67,85,3,237
67,85,3,240
67,85,4,244
67,85,3,247
67,85,4,251
67,85,4,255
67,85,2,257
67,85,3,260
67,85,4,264
67,85,3,267
67,85,3,270
67,85,5,275
67,85,2,277
67,85,3,280
67,85,2,282
67,85,5,287
67,85,3,290
67,85,4,294
67,85,3,297
67,85,4,301
67,85,4,305
67,85,4,309
67,85,5,314
67,85,3,317
67,85,2,319
67,85,4,323
67,85,2,325
67,85,4,329
67,85,3,332
66,85,4,336
66,85,3,339
66,85,4,343
66,85,2,345
66,85,4,349
66,85,2,351
66,85,4,355
66,85,3,358
66,85,4,362
66,85,3,365
66,85,3,368
66,85,3,371
66,85,4,375
66,85,3,378
66,85,4,382
66,85,3,385
66,85,4,389
65,85,5,394
65,85,3,397
65,85,4,401
65,85,4,405
65,85,5,410
65,85,2,412
64,85,4,416
64,85,3,419
64,85,3,422
64,85,3,425
63,85,4,429
63,85,3,432
63,85,4,436
63,85,3,439
63,85,15,454
62,85,5,459
62,85,4,463
62,85,4,467
61,85,3,470
61,85,3,473
61,85,4,477
61,85,2,479
61,85,4,483
61,85,3,486
61,85,5,491
61,85,2,493
61,85,6,499
61,85,2,501
61,85,3,504
61,85,4,508
60,85,4,512
60,85,5,517
60,85,4,521
60,85,2,523
60,85,4,527
60,85,3,530
60,85,4,534
60,85,3,537
60,85,3,540
60,85,3,543
60,85,4,547
60,85,3,550
60,85,3,553
60,85,3,556
60,85,4,560
60,85,3,563
60,85,3,566
60,85,2,568
60,85,3,571
60,85,3,574
60,85,4,578
60,85,3,581
60,85,4,585
60,85,3,588
60,85,3,591
60,85,4,595
60,85,4,599
60,85,3,602
60,85,6,608
60,85,3,611
60,85,4,615
60,85,5,620
60,85,3,623
60,85,6,629
60,85,3,632
60,85,4,636
60,85,3,639
60,85,3,642
60,85,4,646
60,85,2,648
60,85,5,653
60,85,3,656
60,85,3,659
60,85,3,662
60,85,4,666
60,85,2,668
60,85,4,672
60,85,3,675
60,85,4,679
60,85,3,682
60,85,4,686
60,85,3,689
60,85,3,692
60,85,4,696
60,85,5,701
60,85,2,703
60,85,5,708
60,85,4,712
60,85,4,716
60,85,4,720
60,85,3,723
60,85,3,726
60,85,2,728
60,85,4,732
60,85,3,735
60,85,3,738
60,85,3,741
60,85,4,745
60,85,2,747
60,85,5,752
60,85,3,755
60,85,4,759
60,85,4,763
60,85,2,765
60,85,3,768
60,85,3,771
60,85,3,774
60,85,3,777
60,85,3,780
60,85,3,783
60,85,5,788
60,85,3,791
60,85,5,796
60,85,5,801
60,85,3,804
60,85,4,808
60,85,4,812
60,85,3,815
60,85,3,818
60,85,5,823
60,85,2,825
60,85,3,828
60,85,2,830
60,85,4,834
60,85,2,836
60,85,5,841
60,85,2,843
60,85,3,846
60,85,5,851
60,85,9,860
60,85,3,863
60,85,3,866
60,85,3,869
60,85,4,873
60,85,4,877
60,85,4,881
60,85,2,883
60,85,4,887
60,85,3,890
60,85,3,893
60,85,3,896
60,85,5,901
60,85,2,903
60,85,4,907
60,85,4,911
60,85,4,915
60,85,2,917
60,85,6,923
60,85,4,927
60,85,3,930
60,85,3,933
60,85,3,936
60,85,4,940
60,85,2,942
60,85,3,945
60,85,5,950
60,85,4,954
60,85,3,957
60,85,5,962
60,85,2,964
60,85,4,968
60,85,3,971
60,85,3,974
60,85,3,977
60,85,5,982
60,85,3,985
60,85,5,990
60,85,2,992
60,85,4,996
60,85,4,1000
60,85,3,1003
60,85,3,1006
60,85,4,1010
60,85,3,1013
60,85,4,1017
60,85,5,1022
60,85,2,1024
60,85,2,1026
60,85,4,1030
60,85,3,1033
60,85,2,1035
60,85,3,1038
60,85,4,1042
60,85,3,1045
60,85,5,1050
60,85,4,1054
60,85,3,1057
60,85,4,1061
60,85,3,1064
60,85,2,1066
60,85,4,1070
60,85,3,1073
60,85,5,1078
60,85,3,1081
60,85,4,1085
60,85,4,1089
60,85,2,1091
61,85,4,1095
61,85,6,1101
61,85,2,1103
61,85,3,1106
61,85,5,1111
61,85,3,1114
61,85,4,1118
61,85,3,1121
61,85,4,1125
61,85,3,1128
61,85,5,1133
61,85,2,1135
61,85,4,1139
61,85,2,1141
62,85,5,1146
62,85,4,1150
62,85,4,1154
62,85,3,1157
62,85,3,1160
63,85,3,1163
63,85,5,1168
63,85,2,1170
63,85,4,1174
63,85,3,1177
63,85,5,1182
63,85,2,1184
63,85,4,1188
64,85,2,1190
64,85,4,1194
64,85,3,1197
64,85,5,1202
64,85,3,1205
65,85,4,1209
65,85,5,1214
65,85,5,1219
65,85,2,1221
65,85,7,1228
65,85,4,1232
65,85,3,1235
66,85,5,1240
66,85,4,1244
66,85,4,1248
66,85,2,1250
66,85,7,1257
66,85,4,1261
67,85,3,1264
67,85,4,1268
67,85,2,1270
67,85,4,1274
67,85,2,1276
67,85,4,1280
67,85,4,1284
67,85,4,1288
67,85,5,1293
67,85,4,1297
67,85,2,1299
67,85,4,1303
67,85,2,1305
67,85,3,1308
67,85,5,1313
67,85,4,1317
67,85,2,1319
67,85,5,1324
67,85,4,1328
67,85,4,1332
67,85,4,1336
67,85,2,1338
67,85,4,1342
67,85,2,1344
67,85,4,1348
67,85,4,1352
67,85,4,1356
67,85,3,1359
67,85,4,1363
67,85,2,1365
67,85,5,1370
67,85,3,1373
67,85,3,1376
67,85,4,1380
67,85,3,1383
67,85,3,1386
67,85,4,1390
67,85,3,1393
67,85,4,1397
67,85,6,1403
67,85,4,1407
67,85,3,1410
67,85,4,1414
67,85,2,1416
67,85,5,1421
67,85,2,1423
67,85,3,1426
67,85,3,1429
67,85,4,1433
67,85,3,1436
67,85,14,1450
67,85,5,1455
67,85,2,1457
67,85,5,1462
67,85,3,1465
67,85,2,1467
67,85,3,1470
67,85,4,1474
67,85,2,1476
67,85,4,1480
67,85,4,1484
67,85,2,1486
67,85,3,1489
67,85,3,1492
67,85,3,1495
67,85,5,1500
67,85,2,1502
67,85,3,1505
67,85,4,1509
67,85,3,1512
67,85,4,1516
67,85,4,1520
67,85,3,1523
67,85,4,1527
67,85,4,1531
67,85,2,1533
67,85,4,1537
67,85,3,1540
67,85,2,1542
67,85,4,1546
67,85,4,1550
67,85,3,1553
67,85,4,1557
67,85,3,1560
67,85,3,1563
67,85,3,1566
67,85,4,1570
67,85,4,1574
67,85,2,1576
67,85,4,1580
67,85,4,1584
67,85,2,1586
67,85,4,1590
67,85,4,1594
67,85,2,1596
67,86,5,1601
67,86,4,1605
67,86,2,1607
67,86,3,1610
67,86,4,1614
67,86,5,1619
67,86,3,1622
67,86,4,1626
67,86,4,1630
67,86,2,1632
67,86,4,1636
67,86,3,1639
67,86,4,1643
67,86,8,1651
67,86,4,1655
67,86,5,1660
67,86,4,1664
67,86,2,1666
67,86,4,1670
67,86,2,1672
67,86,3,1675
67,86,3,1678
67,86,3,1681
67,86,3,1684
67,86,4,1688
67,86,2,1690
67,86,4,1694
67,86,4,1698
67,86,4,1702
67,86,3,1705
67,86,4,1709
67,86,3,1712
67,86,6,1718
67,86,4,1722
67,86,6,1728
67,86,3,1731
67,86,4,1735
67,86,4,1739
67,86,4,1743
67,86,2,1745
67,86,5,1750
67,86,3,1753
67,86,5,1758
67,86,4,1762
67,86,2,1764
67,86,5,1769
67,86,3,1772
67,86,4,1776
67,86,3,1779
67,86,3,1782
67,86,3,1785
67,86,5,1790
67,86,3,1793
67,86,4,1797
67,86,2,1799
67,86,3,1802
67,86,3,1805
67,86,3,1808
67,86,3,1811
67,86,4,1815
67,86,3,1818
67,86,3,1821
67,86,5,1826
67,86,3,1829
67,86,2,1831
67,86,5,1836
67,86,3,1839
67,86,3,1842
67,86,4,1846
67,86,3,1849
67,86,5,1854
67,86,3,1857
67,86,2,1859
67,86,5,1864
67,86,2,1866
67,86,4,1870
67,86,3,1873
67,86,3,1876
67,86,3,1879
67,85,5,1884
67,85,2,1886
67,85,4,1890
67,85,3,1893
67,85,3,1896
67,85,3,1899
66,85,4,1903
66,85,2,1905
66,85,4,1909
66,85,3,1912
66,85,5,1917
66,85,2,1919
66,85,6,1925
66,85,3,1928
66,85,4,1932
66,85,2,1934
66,85,4,1938
66,85,3,1941
66,85,4,1945
66,85,3,1948
66,85,4,1952
66,85,2,1954
66,85,4,1958
66,85,4,1962
66,85,3,1965
66,85,3,1968
66,85,4,1972
66,85,2,1974
66,85,4,1978
66,85,3,1981
66,85,4,1985
66,85,2,1987
66,85,5,1992
66,85,2,1994
66,85,5,1999
66,85,3,2002
66,85,4,2006
66,85,3,2009
66,85,5,2014
66,85,4,2018
66,85,4,2022
66,85,2,2024
66,85,3,2027
66,85,4,2031
66,85,3,2034
66,85,3,2037
66,85,9,2046
66,85,3,2049
66,85,5,2054
66,85,3,2057
66,85,7,2064
66,85,8,2072
66,85,6,2078
65,85,10,2088
65,85,7,2095
65,85,7,2102
65,85,6,2108
65,85,4,2112
64,85,7,2119
64,85,5,2124
64,85,7,2131
63,85,7,2138
63,85,5,2143
63,85,5,2148
63,85,7,2155
63,85,4,2159
62,85,26,2185
62,85,6,2191
62,85,7,2198
62,85,7,2205
62,85,10,2215
62,85,8,2223
61,85,4,2227
61,85,6,2233
61,85,4,2237
61,85,4,2241
61,85,7,2248
61,85,8,2256
61,85,5,2261
61,85,6,2267
61,85,6,2273
61,85,4,2277
62,85,8,2285
62,85,8,2293
62,85,8,2301
62,85,7,2308
61,85,10,2318
61,85,4,2322
61,85,6,2328
61,85,6,2334
61,85,7,2341
61,85,7,2348
61,85,6,2354
61,85,3,2357
62,85,8,2365
62,85,8,2373
61,85,6,2379
61,85,7,2386
61,85,6,2392
61,85,8,2400
61,85,6,2406
61,85,10,2416
61,85,4,2420
61,85,4,2424
61,85,5,2429
61,85,3,2432
61,85,4,2436
61,85,16,2452
61,85,7,2459
61,85,3,2462
61,85,3,2465
61,85,4,2469
61,85,2,2471
61,85,4,2475
61,85,3,2478
61,85,4,2482
61,85,3,2485
61,85,4,2489
61,85,2,2491
61,85,4,2495
61,85,4,2499
61,85,3,2502
61,85,2,2504
61,85,5,2509
61,85,2,2511
61,85,6,2517
61,85,2,2519
61,85,3,2522
61,85,5,2527
61,85,4,2531
61,85,6,2537
61,85,2,2539
61,85,2,2541
61,85,5,2546
61,85,4,2550
61,85,3,2553
61,85,4,2557
61,85,2,2559
61,85,4,2563
61,85,4,2567
61,85,4,2571
61,85,2,2573
61,85,4,2577
61,85,2,2579
61,85,5,2584
61,85,3,2587
61,85,3,2590
61,85,3,2593
61,85,4,2597
61,85,2,2599
61,85,4,2603
61,85,3,2606
61,85,3,2609
61,85,3,2612
61,85,4,2616
61,85,2,2618
61,85,4,2622
61,85,5,2627
61,85,3,2630
61,85,3,2633
61,85,3,2636
61,85,3,2639
61,85,3,2642
61,85,6,2648
61,85,2,2650
61,85,5,2655
61,85,4,2659
61,85,2,2661
61,85,4,2665
61,85,4,2669
61,85,3,2672
62,85,3,2675
62,85,4,2679
62,85,3,2682
62,85,4,2686
62,85,2,2688
62,85,4,2692
62,85,4,2696
62,85,3,2699
62,85,3,2702
62,85,5,2707
62,85,3,2710
62,85,4,2714
62,85,4,2718
62,85,2,2720
62,85,6,2726
62,85,4,2730
62,85,6,2736
62,85,2,2738
62,85,2,2740
62,85,6,2746
62,85,4,2750
62,85,2,2752
62,85,6,2758
63,85,4,2762
63,85,3,2765
63,85,4,2769
63,85,4,2773
63,85,5,2778
63,85,2,2780
63,85,6,2786
64,85,3,2789
64,85,3,2792
64,85,4,2796
64,85,2,2798
64,85,3,2801
64,85,4,2805
65,85,6,2811
65,85,5,2816
65,85,2,2818
65,85,4,2822
65,85,4,2826
66,85,5,2831
66,85,10,2841
66,85,5,2846
66,85,2,2848
67,85,4,2852
67,85,4,2856
67,85,4,2860
67,85,3,2863
67,85,5,2868
67,85,2,2870
67,85,6,2876
67,85,4,2880
67,85,2,2882
68,85,4,2886
68,85,4,2890
68,85,3,2893
68,85,3,2896
68,85,4,2900
68,85,3,2903
68,85,5,2908
68,85,4,2912
68,85,4,2916
68,85,4,2920
68,85,2,2922
68,85,4,2926
68,85,4,2930
69,85,6,2936
69,85,3,2939
69,85,4,2943
69,85,5,2948
69,85,3,2951
69,85,5,2956
69,85,4,2960
69,85,5,2965
69,85,2,2967
69,85,3,2970
69,85,4,2974
69,85,3,2977
69,85,3,2980
69,85,4,2984
69,85,2,2986
69,85,4,2990
69,85,3,2993
69,85,3,2996
69,85,4,3000
69,85,4,3004
69,85,3,3007
69,85,6,3013
69,85,5,3018
69,85,2,3020
69,85,4,3024
69,85,2,3026
69,85,4,3030
69,85,5,3035
69,85,5,3040
69,85,4,3044
69,85,4,3048
69,85,2,3050
69,85,5,3055
69,85,2,3057
69,85,6,3063
69,85,3,3066
69,85,4,3070
69,85,6,3076
69,85,3,3079
69,85,3,3082
69,85,4,3086
69,85,2,3088
69,85,4,3092
69,85,3,3095
69,85,2,3097
69,86,4,3101
69,86,3,3104
69,86,5,3109
69,86,4,3113
69,86,4,3117
69,86,24,3141
69,86,3,3144
69,86,4,3148
69,86,3,3151
69,86,4,3155
69,86,3,3158
69,86,6,3164
69,86,3,3167
69,86,4,3171
69,86,3,3174
69,86,3,3177
69,86,5,3182
69,86,3,3185
69,86,3,3188
69,86,4,3192
69,86,4,3196
69,86,2,3198
69,86,4,3202
69,86,3,3205
69,86,6,3211
69,86,4,3215
69,86,4,3219
69,86,3,3222
69,86,3,3225
69,86,6,3231
69,87,12,3243
69,87,4,3247
69,87,6,3253
69,87,5,3258
69,87,7,3265
69,87,4,3269
69,87,3,3272
69,87,3,3275
69,87,3,3278
69,88,4,3282
69,88,2,3284
69,88,4,3288
69,88,3,3291
69,88,4,3295
69,88,3,3298
69,88,5,3303
69,89,2,3305
69,89,3,3308
69,89,4,3312
69,89,3,3315
69,89,4,3319
69,89,3,3322
69,89,3,3325
69,89,5,3330
69,89,2,3332
69,89,3,3335
69,89,4,3339
69,89,3,3342
69,89,4,3346
69,89,4,3350
69,90,4,3354
69,90,5,3359
69,90,4,3363
69,90,3,3366
69,90,4,3370
69,90,2,3372
69,90,4,3376
69,90,4,3380
69,90,3,3383
69,90,3,3386
69,90,4,3390
69,90,2,3392
69,90,4,3396
69,90,3,3399
69,90,3,3402
69,90,3,3405
69,90,4,3409
69,90,4,3413
69,90,3,3416
69,90,4,3420
69,90,4,3424
69,90,6,3430
69,90,2,3432
69,90,3,3435
69,90,6,3441
69,90,3,3444
69,90,2,3446
69,90,16,3462
69,90,4,3466
69,90,3,3469
69,90,4,3473
69,90,3,3476
68,90,4,3480
68,90,2,3482
68,90,4,3486
68,90,3,3489
68,90,4,3493
68,90,3,3496
68,90,4,3500
68,90,2,3502
68,90,4,3506
68,90,4,3510
68,90,5,3515
68,90,4,3519
67,90,4,3523
67,90,6,3529
67,90,2,3531
67,90,1,3532
67,90,3,3535
67,90,6,3541
67,90,3,3544
67,90,6,3550
67,90,4,3554
67,90,4,3558
67,90,3,3561
66,90,4,3565
66,90,4,3569
66,90,2,3571
66,90,4,3575
66,90,3,3578
66,90,4,3582
66,90,2,3584
66,90,4,3588
66,90,3,3591
66,90,4,3595
66,90,3,3598
66,90,3,3601
66,90,3,3604
66,90,5,3609
66,90,2,3611
66,90,5,3616
66,90,3,3619
66,90,4,3623
66,90,2,3625
66,90,4,3629
66,90,7,3636
66,90,5,3641
66,90,4,3645
66,90,4,3649
66,90,4,3653
65,90,5,3658
65,90,3,3661
65,90,3,3664
65,90,2,3666
65,90,5,3671
65,90,3,3674
65,90,4,3678
65,90,3,3681
65,90,4,3685
65,90,4,3689
65,90,4,3693
65,90,2,3695
65,90,5,3700
65,90,2,3702
65,90,6,3708
65,90,3,3711
65,90,3,3714
65,90,6,3720
65,90,4,3724
65,90,3,3727
65,90,3,3730
65,90,3,3733
64,90,4,3737
64,90,3,3740
64,90,4,3744
64,90,3,3747
64,90,3,3750
64,90,3,3753
64,90,4,3757
64,90,2,3759
64,90,4,3763
64,90,4,3767
64,90,3,3770
64,90,3,3773
64,90,4,3777
64,90,2,3779
64,90,4,3783
64,90,4,3787
64,90,3,3790
64,90,3,3793
64,90,4,3797
64,90,2,3799
64,90,3,3802
64,90,3,3805
64,90,4,3809
64,90,3,3812
64,90,4,3816
64,90,3,3819
64,90,3,3822
64,90,4,3826
64,90,3,3829
64,90,3,3832
64,90,4,3836
64,90,3,3839
64,90,3,3842
64,90,4,3846
64,90,5,3851
64,90,4,3855
64,90,3,3858
64,90,3,3861
64,90,5,3866
64,90,3,3869
64,90,2,3871
64,90,3,3874
64,90,4,3878
64,90,2,3880
64,90,7,3887
64,90,3,3890
64,90,3,3893
64,90,5,3898
64,90,2,3900
64,90,5,3905
64,90,3,3908
64,89,3,3911
64,89,3,3914
64,89,6,3920
64,89,5,3925
64,89,3,3928
64,89,4,3932
64,89,3,3935
64,89,3,3938
64,89,3,3941
64,89,5,3946
64,89,3,3949
64,89,4,3953
64,89,4,3957
64,89,3,3960
64,89,2,3962
64,89,3,3965
64,89,3,3968
64,89,3,3971
64,89,4,3975
64,89,3,3978
64,89,4,3982
64,89,3,3985
64,88,2,3987
64,88,4,3991
64,88,3,3994
64,88,3,3997
64,88,3,4000
64,88,4,4004
64,88,3,4007
64,88,3,4010
64,88,4,4014
64,88,4,4018
64,88,4,4022
64,88,5,4027
64,88,7,4034
64,88,4,4038
64,88,3,4041
64,88,4,4045
64,87,3,4048
64,87,4,4052
64,87,3,4055
64,87,3,4058
64,87,2,4060
64,87,4,4064
64,88,4,4068
64,88,3,4071
64,88,3,4074
64,88,4,4078
64,88,2,4080
64,88,4,4084
64,88,3,4087
64,88,5,4092
64,88,2,4094
64,88,4,4098
64,88,3,4101
64,88,3,4104
64,88,3,4107
64,88,4,4111
64,88,2,4113
64,88,7,4120
64,88,3,4123
64,88,3,4126
64,88,5,4131
64,88,2,4133
64,88,4,4137
64,88,3,4140
64,88,10,4150
64,88,3,4153
64,88,4,4157
64,88,4,4161
64,88,3,4164
64,88,3,4167
64,88,4,4171
64,88,4,4175
64,88,3,4178
64,88,4,4182
64,88,3,4185
64,88,5,4190
64,88,3,4193
64,88,3,4196
64,88,4,4200
64,88,2,4202
64,88,4,4206
64,88,3,4209
64,88,3,4212
64,88,3,4215
64,88,5,4220
64,88,2,4222
64,88,3,4225
64,88,4,4229
64,88,5,4234
64,88,3,4237
64,88,5,4242
64,88,4,4246
64,88,5,4251
64,88,4,4255
64,88,5,4260
64,88,3,4263
64,88,6,4269
64,88,3,4272
64,88,3,4275
64,88,5,4280
64,88,2,4282
64,88,3,4285
64,88,3,4288
64,88,4,4292
64,88,2,4294
64,88,5,4299
64,88,3,4302
64,88,3,4305
64,88,4,4309
64,88,3,4312
64,88,3,4315
64,88,5,4320
64,88,2,4322
64,88,4,4326
64,88,4,4330
64,88,5,4335
64,88,3,4338
64,88,4,4342
64,88,4,4346
64,88,5,4351
64,88,5,4356
64,88,4,4360
64,88,4,4364
64,88,2,4366
64,88,3,4369
64,88,3,4372
64,88,4,4376
64,88,2,4378
64,88,3,4381
64,88,3,4384
64,88,5,4389
64,88,3,4392
64,88,4,4396
64,88,2,4398
64,88,4,4402
64,88,3,4405
64,88,4,4409
64,88,3,4412
64,88,5,4417
64,88,9,4426
64,88,4,4430
64,88,2,4432
64,88,4,4436
64,88,2,4438
64,88,4,4442
64,88,3,4445
64,88,11,4456
64,88,4,4460
65,88,3,4463
65,88,4,4467
65,88,3,4470
65,88,6,4476
65,88,3,4479
65,88,4,4483
65,88,3,4486
65,88,4,4490
65,88,5,4495
65,88,2,4497
65,88,4,4501
65,88,4,4505
65,88,3,4508
66,88,2,4510
66,88,4,4514
66,88,4,4518
66,88,2,4520
66,88,4,4524
66,88,5,4529
66,88,2,4531
67,88,5,4536
67,88,3,4539
67,88,5,4544
67,88,3,4547
67,88,4,4551
67,88,5,4556
67,88,4,4560
67,88,4,4564
68,88,3,4567
68,88,4,4571
68,88,3,4574
68,88,4,4578
68,88,3,4581
68,88,4,4585
68,88,3,4588
68,88,3,4591
68,88,3,4594
68,88,3,4597
69,88,3,4600
69,88,4,4604
69,88,2,4606
69,88,4,4610
69,88,3,4613
69,88,4,4617
69,88,3,4620
69,88,4,4624
69,88,2,4626
69,88,4,4630
69,88,3,4633
69,88,4,4637
69,88,2,4639
69,88,4,4643
69,88,2,4645
69,88,4,4649
69,88,4,4653
69,88,5,4658
69,88,4,4662
69,88,4,4666
69,88,3,4669
69,88,4,4673
69,88,2,4675
69,88,3,4678
69,88,4,4682
69,88,3,4685
69,88,3,4688
69,88,4,4692
69,88,3,4695
69,88,3,4698
69,88,4,4702
69,88,4,4706
69,88,3,4709
69,88,4,4713
69,88,4,4717
69,88,4,4721
69,88,3,4724
69,88,4,4728
69,88,3,4731
69,88,3,4734
69,88,3,4737
69,88,4,4741
69,88,2,4743
69,88,4,4747
69,88,4,4751
69,88,6,4757
69,88,6,4763
69,88,2,4765
69,88,2,4767
69,88,4,4771
69,88,4,4775
69,88,2,4777
69,88,4,4781
69,88,2,4783
69,88,4,4787
69,88,4,4791
69,88,4,4795
69,88,2,4797
69,88,4,4801
69,88,2,4803
69,88,4,4807
69,88,3,4810
69,88,3,4813
69,88,3,4816
69,88,8,4824
69,88,3,4827
69,88,4,4831
69,88,3,4834
69,88,3,4837
69,88,5,4842
69,88,2,4844
69,88,4,4848
69,88,5,4853
69,88,2,4855
69,88,5,4860
69,88,4,4864
69,88,2,4866
69,88,6,4872
69,88,4,4876
69,88,4,4880
69,88,4,4884
69,88,3,4887
69,88,4,4891
69,88,2,4893
69,88,4,4897
69,88,4,4901
69,88,3,4904
69,88,3,4907
69,88,4,4911
69,88,3,4914
69,88,4,4918
69,88,4,4922
69,88,5,4927
69,88,4,4931
69,88,3,4934
69,88,3,4937
69,88,4,4941
69,88,2,4943
69,88,3,4946
69,88,4,4950
69,88,3,4953
69,88,2,4955
69,88,5,4960
69,88,2,4962
69,88,5,4967
69,88,5,4972
69,88,2,4974
69,88,3,4977
69,88,5,4982
69,88,2,4984
69,88,3,4987
69,88,5,4992
69,88,2,4994
69,88,5,4999
69,88,3,5002
69,88,4,5006
69,88,3,5009
69,88,4,5013
69,88,3,5016
69,88,4,5020
69,88,2,5022
69,88,4,5026
69,88,7,5033
69,88,6,5039
69,88,10,5049
69,88,5,5054
69,88,8,5062
69,88,8,5070
69,88,6,5076
69,88,8,5084
69,88,7,5091
69,88,5,5096
69,88,4,5100
69,88,7,5107
69,88,9,5116
69,88,4,5120
68,88,6,5126
68,88,7,5133
68,88,6,5139
67,88,9,5148
67,88,5,5153
67,88,8,5161
66,88,7,5168
66,88,6,5174
65,88,9,5183
65,88,4,5187
65,88,6,5193
65,88,5,5198
64,88,5,5203
64,88,7,5210
64,88,13,5223
63,88,6,5229
63,88,6,5235
63,88,7,5242
63,88,8,5250
63,88,5,5255
63,88,6,5261
63,88,11,5272
62,88,7,5279
62,88,8,5287
62,88,5,5292
62,88,4,5296
62,88,6,5302
62,88,10,5312
62,88,6,5318
62,88,8,5326
62,88,6,5332
62,88,6,5338
62,88,9,5347
62,88,5,5352
61,88,7,5359
61,88,5,5364
61,88,2,5366
61,88,3,5369
61,88,4,5373
61,88,3,5376
61,88,3,5379
61,88,4,5383
61,88,2,5385
61,88,4,5389
61,88,3,5392
61,88,4,5396
61,88,3,5399
61,88,4,5403
61,88,2,5405
62,88,4,5409
62,88,3,5412
62,88,3,5415
62,88,3,5418
62,88,5,5423
62,88,3,5426
62,88,3,5429
61,88,3,5432
61,88,3,5435
61,88,2,5437
61,88,5,5442
61,88,2,5444
61,88,4,5448
61,88,3,5451
61,88,11,5462
61,88,5,5467
61,88,5,5472
61,88,3,5475
61,88,4,5479
61,88,3,5482
61,88,4,5486
61,88,2,5488
61,88,4,5492
61,88,2,5494
61,88,4,5498
61,88,4,5502
61,88,4,5506
61,88,3,5509
61,88,5,5514
61,88,2,5516
61,88,3,5519
61,88,5,5524
61,88,3,5527
61,88,2,5529
61,88,5,5534
61,88,3,5537
61,88,5,5542
61,88,2,5544
61,88,3,5547
61,88,2,5549
61,88,4,5553
61,88,2,5555
61,88,5,5560
61,88,5,5565
61,88,5,5570
61,88,5,5575
61,88,2,5577
61,88,3,5580
61,88,2,5582
61,88,4,5586
61,88,3,5589
61,88,3,5592
61,88,3,5595
61,88,4,5599
61,88,3,5602
61,88,5,5607
61,88,5,5612
61,88,7,5619
61,88,4,5623
61,88,3,5626
61,88,4,5630
61,88,2,5632
61,88,4,5636
61,88,4,5640
61,88,3,5643
61,88,3,5646
61,88,4,5650
61,88,2,5652
61,88,4,5656
61,88,4,5660
61,88,4,5664
61,88,3,5667
61,88,5,5672
61,88,3,5675
61,88,2,5677
61,88,4,5681
61,88,3,5684
61,88,5,5689
61,88,3,5692
61,88,2,5694
61,88,5,5699
61,88,3,5702
61,88,4,5706
61,88,4,5710
61,88,3,5713
61,88,2,5715
61,88,5,5720
61,88,2,5722
61,88,4,5726
61,88,6,5732
61,88,2,5734
61,88,6,5740
61,88,3,5743
61,88,3,5746
61,88,4,5750
61,88,3,5753
61,88,3,5756
61,88,4,5760
61,88,2,5762
62,88,4,5766
62,88,4,5770
62,88,2,5772
62,88,7,5779
62,88,3,5782
62,88,3,5785
62,88,5,5790
62,88,3,5793
62,88,3,5796
62,88,3,5799
62,88,3,5802
62,88,3,5805
62,88,6,5811
62,88,2,5813
62,88,3,5816
62,88,3,5819
62,88,5,5824
62,88,3,5827
62,88,4,5831
62,88,4,5835
62,88,4,5839
62,88,2,5841
63,88,4,5845
63,88,3,5848
63,88,4,5852
63,88,2,5854
63,88,4,5858
63,88,2,5860
63,88,4,5864
63,88,4,5868
64,88,4,5872
64,88,6,5878
64,88,2,5880
64,88,3,5883
65,88,4,5887
65,88,4,5891
65,88,2,5893
65,88,4,5897
65,88,2,5899
65,88,3,5902
66,88,5,5907
66,88,4,5911
66,88,2,5913
66,88,4,5917
66,88,3,5920
67,88,4,5924
67,88,3,5927
67,88,3,5930
67,88,3,5933
67,88,4,5937
67,88,3,5940
67,88,3,5943
67,88,4,5947
68,88,5,5952
68,88,5,5957
68,88,3,5960
68,88,7,5967
69,88,4,5971
69,88,6,5977
69,88,3,5980
69,88,2,5982
69,88,4,5986
69,88,4,5990
69,88,2,5992
69,88,5,5997
69,88,2,5999
69,88,3,6002
69,88,9,6011
69,88,4,6015
70,88,4,6019
70,88,2,6021
70,88,5,6026
70,88,2,6028
70,88,6,6034
70,88,2,6036
70,88,3,6039
70,88,3,6042
70,88,3,6045
70,88,2,6047
70,88,4,6051
70,88,4,6055
70,88,3,6058
70,88,3,6061
70,88,4,6065
70,88,3,6068
69,88,4,6072
69,88,6,6078
69,88,2,6080
69,88,5,6085
69,88,5,6090
69,88,4,6094
69,88,3,6097
69,88,3,6100
69,88,4,6104
69,88,3,6107
69,88,5,6112
69,88,3,6115
69,88,3,6118
69,88,3,6121
69,88,4,6125
69,88,2,6127
69,88,3,6130
69,88,4,6134
69,88,3,6137
69,88,3,6140
69,88,5,6145
69,88,2,6147
69,88,18,6165
69,88,4,6169
69,88,4,6173
69,88,3,6176
69,88,4,6180
69,88,3,6183
69,88,5,6188
69,88,3,6191
69,88,5,6196
69,88,3,6199
69,88,4,6203
69,88,2,6205
69,88,4,6209
69,88,4,6213
69,88,3,6216
69,88,4,6220
69,88,6,6226
69,88,4,6230
69,88,3,6233
69,88,4,6237
69,88,2,6239
69,88,4,6243
69,88,3,6246
69,88,6,6252
69,88,3,6255
69,88,2,6257
69,88,5,6262
69,88,3,6265
69,88,4,6269
69,88,3,6272
69,88,4,6276
69,88,4,6280
69,88,5,6285
69,88,4,6289
69,88,3,6292
69,88,4,6296
69,88,2,6298
69,88,4,6302
69,88,2,6304
69,88,3,6307
69,88,4,6311
69,88,4,6315
69,88,2,6317
69,88,5,6322
69,88,2,6324
69,88,5,6329
69,88,3,6332
69,88,3,6335
69,88,3,6338
69,88,4,6342
69,88,2,6344
69,88,4,6348
69,88,3,6351
69,88,3,6354
69,88,3,6357
69,88,4,6361
69,88,2,6363
69,88,3,6366
69,88,4,6370
69,88,4,6374
69,88,6,6380
69,88,2,6382
69,88,4,6386
69,88,3,6389
69,88,4,6393
69,88,3,6396
69,88,8,6404
69,88,5,6409
69,88,4,6413
69,88,2,6415
69,88,4,6419
69,88,5,6424
69,88,5,6429
69,88,2,6431
69,88,3,6434
69,88,4,6438
69,88,4,6442
69,88,3,6445
69,88,4,6449
69,88,2,6451
69,88,4,6455
69,88,7,6462
69,88,8,6470
69,88,5,6475
69,88,5,6480
69,88,3,6483
69,88,4,6487
69,88,4,6491
69,88,3,6494
69,88,4,6498
69,88,3,6501
69,88,3,6504
69,88,4,6508
69,88,3,6511
69,88,4,6515
69,88,3,6518
69,88,3,6521
69,88,3,6524
69,88,4,6528
69,88,2,6530
69,88,4,6534
69,88,3,6537
69,88,3,6540
69,88,6,6546
69,88,2,6548
69,88,3,6551
69,88,3,6554
69,88,3,6557
69,88,3,6560
69,88,5,6565
69,88,2,6567
69,88,4,6571
69,88,5,6576
69,88,3,6579
69,88,5,6584
69,88,2,6586
69,88,3,6589
69,88,3,6592
69,88,4,6596
68,88,3,6599
68,88,4,6603
68,88,2,6605
68,88,5,6610
68,88,3,6613
68,88,3,6616
67,88,3,6619
67,88,5,6624
67,88,3,6627
67,88,2,6629
67,88,4,6633
67,88,3,6636
67,88,4,6640
66,88,4,6644
66,88,3,6647
66,88,3,6650
66,88,4,6654
66,88,3,6657
65,88,3,6660
65,88,3,6663
65,88,4,6667
65,88,3,6670
65,88,8,6678
65,88,4,6682
65,88,3,6685
65,88,3,6688
64,88,3,6691
64,88,4,6695
64,88,2,6697
64,88,4,6701
64,88,3,6704
64,88,4,6708
64,88,4,6712
63,88,3,6715
63,88,3,6718
63,88,4,6722
63,88,2,6724
63,88,4,6728
63,88,3,6731
63,88,3,6734
63,88,5,6739
63,88,3,6742
63,88,2,6744
63,88,4,6748
63,88,3,6751
63,88,4,6755
63,88,3,6758
63,88,4,6762
63,88,2,6764
63,88,3,6767
63,88,4,6771
63,88,5,6776
63,88,6,6782
63,88,2,6784
63,88,4,6788
63,88,3,6791
63,88,8,6799
63,88,5,6804
63,88,3,6807
63,88,5,6812
63,88,3,6815
63,88,3,6818
63,88,6,6824
63,88,3,6827
63,88,3,6830
63,88,5,6835
63,88,2,6837
63,88,4,6841
63,88,2,6843
63,88,4,6847
63,88,4,6851
63,88,3,6854
63,88,4,6858
63,88,3,6861
63,88,2,6863
63,88,4,6867
63,88,3,6870
63,88,5,6875
63,88,2,6877
63,88,5,6882
63,88,2,6884
63,88,4,6888
63,88,3,6891
63,88,3,6894
63,88,3,6897
63,88,6,6903
63,88,2,6905
63,88,3,6908
63,88,5,6913
63,88,3,6916
63,88,4,6920
63,88,3,6923
63,88,4,6927
63,88,4,6931
63,88,3,6934
63,88,3,6937
63,88,4,6941
63,88,3,6944
63,88,3,6947
63,88,4,6951
63,88,3,6954
63,88,3,6957
63,88,5,6962
63,88,4,6966
63,88,4,6970
63,88,3,6973
63,88,4,6977
63,88,4,6981
63,88,2,6983
63,88,3,6986
63,88,4,6990
63,88,3,6993
63,88,3,6996
63,88,5,7001
63,88,3,7004
63,88,4,7008
63,88,3,7011
63,88,4,7015
63,88,3,7018
63,88,5,7023
63,88,2,7025
63,88,6,7031
63,88,4,7035
63,88,3,7038
63,88,5,7043
63,88,3,7046
63,88,4,7050
63,88,3,7053
63,88,3,7056
63,88,5,7061
63,88,3,7064
63,88,4,7068
63,88,3,7071
63,88,3,7074
63,88,4,7078
63,88,5,7083
63,88,3,7086
63,88,5,7091
63,88,3,7094
63,88,6,7100
63,88,8,7108
63,88,5,7113
63,88,3,7116
63,88,5,7121
63,88,3,7124
63,88,3,7127
63,88,4,7131
63,88,3,7134
63,88,3,7137
63,88,4,7141
63,88,3,7144
63,88,3,7147
63,88,4,7151
63,88,3,7154
63,88,3,7157
63,88,4,7161
63,88,4,7165
63,88,3,7168
63,88,3,7171
63,88,2,7173
63,88,4,7177
63,88,5,7182
63,88,4,7186
63,88,6,7192
63,88,9,7201
63,88,5,7206
63,88,4,7210
63,88,4,7214
63,88,2,7216
63,88,4,7220
63,88,4,7224
63,88,3,7227
63,88,3,7230
63,88,3,7233
63,88,5,7238
63,88,2,7240
63,88,3,7243
63,88,3,7246
63,88,5,7251
63,88,2,7253
63,88,6,7259
63,88,2,7261
63,88,4,7265
63,88,4,7269
63,88,3,7272
63,88,3,7275
63,88,4,7279
63,88,3,7282
63,88,3,7285
63,88,4,7289
64,88,4,7293
64,88,3,7296
64,88,4,7300
64,88,3,7303
64,88,3,7306
64,88,3,7309
64,88,4,7313
64,88,2,7315
64,88,4,7319
65,88,3,7322
65,88,6,7328
65,88,3,7331
65,88,4,7335
65,88,4,7339
65,88,3,7342
65,88,3,7345
65,88,4,7349
65,88,2,7351
65,88,4,7355
65,88,4,7359
66,88,4,7363
66,88,2,7365
66,88,6,7371
66,88,2,7373
66,88,3,7376
66,88,3,7379
66,88,5,7384
66,88,4,7388
66,88,5,7393
67,88,2,7395
67,88,4,7399
67,88,4,7403
67,88,6,7409
67,88,2,7411
67,88,3,7414
67,88,4,7418
67,88,3,7421
67,88,4,7425
67,88,4,7429
67,88,3,7432
67,88,3,7435
67,88,5,7440
68,88,2,7442
68,88,3,7445
68,88,4,7449
68,88,3,7452
68,88,3,7455
68,88,4,7459
68,88,10,7469
68,88,6,7475
68,88,4,7479
68,88,2,7481
68,88,5,7486
68,88,4,7490
68,88,2,7492
68,88,6,7498
68,88,2,7500
68,88,5,7505
68,88,3,7508
68,88,4,7512
68,88,3,7515
68,88,4,7519
68,88,3,7522
68,88,4,7526
68,88,3,7529
68,88,4,7533
68,88,2,7535
68,88,5,7540
68,88,2,7542
68,88,5,7547
68,88,3,7550
68,88,4,7554
68,88,3,7557
68,88,5,7562
68,88,4,7566
68,88,3,7569
68,88,4,7573
68,88,3,7576
68,88,3,7579
68,88,7,7586
68,88,3,7589
68,88,9,7598
68,88,3,7601
68,88,3,7604
68,88,5,7609
68,88,3,7612
68,88,5,7617
68,88,2,7619
68,88,4,7623
68,88,4,7627
68,88,4,7631
68,88,2,7633
68,88,4,7637
68,88,3,7640
68,88,4,7644
68,88,3,7647
68,88,3,7650
68,88,4,7654
68,88,4,7658
68,88,3,7661
68,88,6,7667
68,88,2,7669
