58,135,4,4
58,135,2,6
58,135,4,10
59,135,4,14
59,135,3,17
59,135,3,20
60,135,4,24
60,135,3,27
60,135,4,31
61,135,3,34
61,135,3,37
62,135,3,40
62,135,6,46
63,135,4,50
63,135,3,53
64,135,3,56
64,135,3,59
65,135,4,63
65,135,2,65
66,135,4,69
68,135,18,87
68,135,2,89
69,135,6,95
69,135,4,99
70,135,3,102
70,135,4,106
70,135,3,109
71,135,4,113
71,135,2,115
72,135,3,118
72,135,4,122
72,135,3,125
73,135,3,128
73,135,5,133
74,135,2,135
74,135,4,139
74,135,4,143
74,135,4,147
75,135,2,149
75,135,4,153
75,135,2,155
75,135,4,159
76,135,3,162
76,135,5,167
76,135,2,169
76,135,5,174
76,135,3,177
75,135,3,180
75,135,3,183
75,135,6,189
75,135,9,198
74,135,7,205
73,135,3,208
73,135,3,211
72,135,5,216
72,135,3,219
71,135,3,222
71,135,3,225
70,135,3,228
70,135,4,232
69,135,4,236
69,135,3,239
68,135,3,242
68,135,5,247
67,135,3,250
67,135,3,253
66,135,2,255
66,135,4,259
66,135,4,263
65,135,3,266
64,135,4,270
64,135,5,275
64,135,3,278
63,135,5,283
62,135,2,285
62,135,4,289
62,135,3,292
61,135,4,296
61,135,2,298
60,135,4,302
60,135,4,306
59,135,4,310
59,135,3,313
58,135,5,318
58,135,2,320
58,135,4,324
58,135,3,327
57,135,4,331
57,135,3,334
57,135,4,338
57,135,3,341
57,135,3,344
57,135,4,348
57,135,3,351
57,135,3,354
57,135,5,359
58,135,2,361
58,135,4,365
58,135,4,369
58,135,6,375
59,135,4,379
59,135,2,381
60,135,4,385
60,135,6,391
61,135,4,395
62,135,6,401
62,135,4,405
62,135,3,408
63,135,3,411
64,135,4,415
64,135,4,419
64,135,2,421
65,135,4,425
65,135,3,428
66,135,4,432
66,135,3,435
67,135,4,439
68,135,4,443
68,135,2,445
68,135,4,449
69,135,3,452
69,135,3,455
70,135,4,459
70,135,2,461
70,135,4,465
71,135,3,468
71,135,3,471
72,135,3,474
72,135,5,479
72,135,2,481
73,135,5,486
73,135,3,489
74,135,4,493
74,135,6,499
75,135,2,501
75,135,4,505
75,135,3,508
76,135,4,512
76,135,3,515
76,136,4,519
76,136,3,522
76,136,3,525
76,136,4,529
76,136,3,532
76,136,3,535
76,136,4,539
76,136,2,541
75,136,4,545
75,136,3,548
75,136,4,552
74,136,3,555
74,137,4,559
74,137,4,563
73,137,2,565
73,137,4,569
72,137,3,572
72,137,3,575
72,137,4,579
71,137,2,581
70,137,4,585
70,137,3,588
70,137,3,591
68,137,11,602
68,137,3,605
67,137,4,609
66,137,2,611
66,137,4,615
66,137,3,618
65,137,4,622
64,137,3,625
64,137,5,630
64,136,2,632
63,136,5,637
63,136,3,640
62,136,3,643
62,136,9,652
60,136,7,659
60,136,4,663
60,136,2,665
59,136,5,670
59,136,3,673
58,136,4,677
58,136,3,680
58,136,4,684
57,136,4,688
57,136,5,693
57,136,5,698
56,136,5,703
56,136,2,705
56,136,5,710
57,136,3,713
57,136,2,715
57,136,4,719
57,136,2,721
57,136,4,725
58,136,4,729
58,136,2,731
58,136,4,735
58,136,3,738
58,136,3,741
59,136,3,744
59,136,4,748
60,136,3,751
60,136,3,754
60,136,4,758
61,136,3,761
61,136,3,764
62,136,4,768
62,136,2,770
62,136,4,774
63,136,4,778
64,136,4,782
64,136,3,785
64,136,5,790
65,136,3,793
65,136,6,799
66,136,4,803
67,136,4,807
67,136,3,810
67,136,3,813
68,136,4,817
68,136,2,819
68,136,4,823
69,136,4,827
69,136,3,830
70,136,3,833
70,136,4,837
70,136,2,839
71,137,4,843
71,137,3,846
71,137,4,850
72,137,3,853
72,137,4,857
72,137,2,859
73,137,4,863
73,137,3,866
73,137,3,869
74,137,3,872
74,137,4,876
74,137,4,880
74,137,4,884
75,137,5,889
75,137,2,891
75,137,5,896
75,137,5,901
75,137,3,904
75,137,2,906
75,137,5,911
75,137,2,913
75,137,4,917
75,137,3,920
75,137,2,922
74,137,3,925
74,137,4,929
74,137,3,932
74,137,3,935
74,137,2,937
73,137,3,940
73,137,4,944
72,137,5,949
72,137,3,952
72,137,3,955
71,137,3,958
71,136,2,960
70,136,3,963
70,136,4,967
69,136,3,970
69,136,5,975
68,136,2,977
68,136,4,981
67,136,4,985
67,136,7,992
65,136,6,998
65,136,4,1002
64,136,2,1004
64,136,5,1009
64,136,3,1012
63,136,4,1016
63,136,3,1019
62,136,4,1023
62,136,3,1026
62,136,3,1029
61,136,3,1032
61,136,3,1035
60,136,4,1039
60,136,4,1043
60,136,4,1047
59,136,5,1052
59,136,2,1054
59,136,4,1058
58,136,3,1061
58,136,3,1064
58,136,3,1067
58,136,4,1071
57,136,2,1073
57,136,4,1077
57,136,4,1081
57,136,3,1084
57,136,3,1087
56,136,4,1091
56,136,2,1093
57,136,4,1097
57,136,4,1101
57,136,3,1104
57,136,3,1107
57,136,4,1111
57,136,2,1113
58,136,5,1118
58,136,3,1121
58,136,3,1124
58,136,3,1127
59,136,4,1131
59,136,2,1133
59,136,4,1137
60,136,3,1140
60,136,4,1144
60,136,4,1148
61,136,5,1153
62,136,2,1155
62,136,3,1158
62,136,4,1162
63,136,3,1165
63,136,3,1168
64,136,4,1172
64,136,2,1174
65,136,5,1179
65,136,5,1184
66,136,2,1186
66,136,4,1190
66,136,3,1193
67,136,3,1196
68,136,5,1201
68,136,4,1205
68,136,5,1210
69,136,4,1214
69,136,2,1216
70,136,4,1220
70,136,2,1222
70,136,4,1226
70,137,3,1229
71,137,3,1232
71,137,3,1235
72,137,4,1239
72,137,3,1242
72,137,4,1246
73,137,4,1250
73,137,3,1253
73,137,2,1255
74,137,4,1259
74,137,2,1261
74,137,4,1265
74,137,3,1268
74,137,3,1271
74,137,3,1274
75,137,5,1279
75,137,2,1281
75,137,4,1285
74,137,19,1304
73,137,9,1313
73,137,3,1316
72,137,9,1325
71,137,5,1330
70,137,8,1338
69,136,8,1346
68,136,6,1352
67,136,6,1358
67,136,4,1362
66,136,6,1368
65,136,3,1371
65,136,8,1379
62,136,15,1394
62,136,9,1403
60,136,13,1416
59,136,7,1423
59,136,6,1429
58,136,9,1438
57,136,11,1449
56,136,5,1454
56,136,5,1459
56,136,4,1463
56,136,14,1477
57,136,6,1483
58,135,20,1503
59,135,4,1507
60,135,9,1516
61,135,5,1521
62,135,3,1524
62,135,6,1530
63,135,8,1538
65,135,9,1547
66,135,7,1554
67,135,7,1561
68,135,6,1567
69,135,9,1576
70,135,7,1583
71,135,7,1590
72,135,11,1601
74,136,13,1614
74,136,10,1624
75,136,3,1627
75,136,6,1633
76,136,6,1639
76,136,7,1646
76,136,4,1650
76,137,10,1660
75,137,7,1667
74,137,3,1670
74,137,3,1673
74,137,4,1677
73,137,2,1679
73,137,4,1683
72,137,3,1686
72,137,4,1690
71,137,3,1693
71,137,4,1697
70,137,3,1700
70,137,6,1706
68,137,7,1713
68,137,5,1718
68,137,2,1720
67,137,4,1724
66,137,3,1727
66,137,3,1730
66,137,3,1733
65,137,5,1738
64,137,3,1741
64,137,5,1746
64,137,2,1748
63,137,4,1752
63,137,4,1756
62,137,3,1759
62,137,3,1762
61,137,4,1766
61,137,2,1768
61,136,3,1771
60,136,4,1775
60,136,4,1779
60,136,2,1781
59,136,7,1788
58,136,3,1791
58,136,4,1795
58,136,3,1798
57,136,4,1802
57,136,5,1807
57,136,4,1811
56,136,3,1814
56,136,5,1819
56,135,4,1823
56,135,3,1826
56,135,2,1828
57,135,2,1830
57,135,4,1834
57,135,4,1838
57,135,2,1840
57,135,4,1844
58,135,2,1846
58,135,4,1850
58,135,5,1855
58,135,2,1857
59,135,3,1860
59,135,4,1864
60,135,3,1867
60,135,4,1871
60,135,5,1876
61,135,4,1880
61,135,3,1883
62,135,3,1886
62,135,3,1889
62,135,5,1894
63,135,3,1897
63,135,6,1903
64,135,4,1907
65,135,5,1912
65,135,3,1915
66,135,4,1919
66,135,5,1924
66,135,2,1926
67,135,2,1928
67,135,3,1931
68,135,4,1935
68,135,3,1938
68,135,4,1942
68,135,2,1944
69,135,4,1948
69,135,3,1951
70,135,5,1956
70,135,2,1958
70,135,4,1962
70,135,2,1964
71,135,4,1968
71,135,4,1972
72,135,3,1975
72,135,4,1979
72,135,3,1982
72,136,2,1984
72,136,5,1989
73,136,3,1992
73,136,3,1995
73,136,3,1998
73,136,4,2002
73,136,2,2004
73,136,4,2008
73,136,4,2012
73,136,3,2015
73,136,3,2018
73,137,6,2024
73,137,4,2028
73,137,3,2031
72,137,5,2036
72,137,3,2039
72,137,3,2042
72,137,2,2044
72,137,3,2047
71,137,3,2050
70,137,4,2054
70,137,3,2057
70,137,4,2061
70,137,2,2063
69,137,5,2068
68,137,3,2071
68,137,2,2073
68,137,3,2076
67,137,4,2080
67,137,2,2082
67,137,4,2086
66,137,3,2089
66,137,4,2093
65,136,3,2096
65,136,4,2100
65,136,3,2103
64,136,4,2107
64,136,3,2110
63,136,6,2116
62,136,5,2121
62,136,3,2124
62,136,3,2127
62,136,3,2130
61,136,4,2134
61,136,2,2136
60,136,4,2140
60,136,2,2142
60,136,4,2146
60,136,4,2150
59,136,5,2155
59,135,3,2158
58,135,4,2162
58,135,3,2165
58,135,5,2170
58,135,2,2172
58,135,4,2176
58,135,6,2182
58,135,4,2186
58,135,3,2189
58,135,3,2192
58,135,4,2196
58,135,6,2202
58,135,4,2206
58,135,4,2210
59,135,3,2213
59,135,4,2217
60,135,6,2223
60,135,3,2226
61,135,4,2230
61,135,3,2233
62,135,3,2236
62,135,4,2240
62,135,2,2242
63,135,4,2246
63,135,3,2249
64,135,3,2252
64,135,3,2255
65,135,6,2261
66,135,3,2264
66,135,2,2266
66,135,4,2270
67,135,3,2273
68,135,2,2275
68,135,6,2281
68,135,2,2283
69,135,2,2285
69,135,4,2289
70,135,3,2292
70,135,3,2295
71,135,5,2300
71,135,2,2302
72,135,6,2308
72,135,4,2312
73,135,4,2316
73,135,3,2319
74,136,4,2323
74,136,6,2329
75,136,3,2332
75,136,3,2335
75,136,4,2339
76,136,2,2341
76,136,4,2345
76,136,3,2348
76,136,4,2352
76,136,2,2354
76,137,4,2358
76,137,3,2361
76,137,3,2364
75,137,4,2368
75,137,3,2371
75,137,3,2374
74,137,4,2378
74,137,2,2380
74,137,4,2384
73,137,3,2387
72,137,4,2391
72,137,3,2394
71,137,4,2398
70,137,4,2402
69,137,8,2410
68,137,4,2414
68,137,5,2419
67,137,5,2424
66,137,3,2427
66,137,4,2431
65,137,3,2434
64,137,4,2438
64,137,2,2440
63,137,4,2444
63,137,3,2447
62,137,4,2451
62,137,3,2454
61,137,5,2459
60,137,3,2462
60,137,5,2467
60,137,2,2469
59,137,4,2473
58,137,5,2478
58,137,2,2480
58,137,3,2483
57,137,4,2487
56,137,4,2491
56,137,3,2494
56,137,4,2498
56,137,3,2501
55,137,3,2504
55,137,3,2507
55,137,4,2511
55,137,3,2514
55,137,4,2518
55,137,4,2522
56,137,6,2528
56,137,3,2531
56,137,3,2534
56,137,4,2538
56,137,2,2540
57,137,3,2543
57,137,4,2547
58,137,4,2551
58,137,3,2554
58,137,4,2558
59,137,2,2560
59,137,4,2564
60,137,3,2567
60,137,4,2571
60,137,3,2574
61,137,6,2580
62,137,7,2587
62,137,3,2590
63,137,2,2592
64,137,5,2597
64,137,3,2600
64,137,3,2603
65,137,5,2608
65,137,4,2612
66,137,5,2617
66,137,3,2620
66,137,4,2624
67,137,3,2627
68,137,4,2631
68,137,2,2633
68,137,4,2637
68,137,2,2639
69,137,3,2642
69,138,4,2646
70,138,4,2650
70,138,3,2653
70,138,4,2657
71,138,9,2666
72,138,6,2672
72,138,4,2676
72,138,2,2678
73,138,4,2682
73,138,4,2686
73,138,3,2689
73,138,3,2692
74,138,4,2696
74,138,2,2698
74,138,4,2702
74,138,4,2706
74,138,3,2709
74,138,4,2713
73,138,5,2718
73,138,3,2721
73,137,4,2725
73,137,3,2728
72,137,4,2732
72,137,3,2735
72,137,3,2738
71,137,3,2741
71,137,5,2746
70,137,2,2748
70,137,4,2752
70,137,3,2755
69,137,3,2758
69,137,4,2762
68,137,4,2766
68,137,3,2769
67,137,3,2772
67,137,4,2776
66,137,5,2781
66,137,3,2784
65,137,3,2787
65,137,4,2791
64,137,4,2795
64,137,2,2797
64,137,3,2800
64,137,3,2803
63,137,4,2807
62,137,7,2814
62,137,3,2817
61,137,3,2820
61,137,6,2826
60,137,2,2828
60,137,6,2834
60,137,4,2838
59,137,3,2841
59,137,4,2845
58,137,3,2848
58,137,2,2850
58,137,3,2853
58,137,4,2857
57,137,2,2859
57,137,3,2862
57,137,3,2865
57,137,3,2868
57,137,2,2870
56,137,5,2875
56,137,2,2877
57,137,4,2881
57,137,2,2883
57,137,4,2887
57,137,3,2890
57,137,3,2893
57,137,3,2896
58,137,4,2900
58,137,3,2903
58,137,4,2907
59,137,4,2911
59,137,4,2915
60,137,3,2918
60,137,5,2923
61,137,4,2927
62,137,4,2931
62,137,3,2934
62,137,3,2937
63,137,4,2941
64,137,3,2944
64,137,3,2947
64,137,3,2950
65,137,3,2953
65,137,2,2955
66,137,2,2957
66,137,4,2961
67,137,4,2965
67,137,2,2967
68,137,8,2975
69,137,6,2981
70,137,3,2984
70,137,3,2987
71,137,4,2991
71,137,2,2993
72,137,4,2997
72,138,3,3000
73,138,3,3003
73,138,4,3007
74,138,7,3014
74,138,5,3019
75,138,3,3022
76,138,4,3026
76,138,4,3030
76,138,4,3034
77,138,3,3037
77,138,5,3042
78,138,13,3055
78,138,4,3059
78,138,3,3062
77,138,6,3068
77,138,4,3072
77,138,3,3075
76,138,4,3079
76,138,4,3083
76,139,5,3088
75,139,3,3091
74,139,4,3095
74,139,3,3098
74,139,3,3101
73,139,3,3104
72,139,5,3109
72,139,4,3113
71,139,3,3116
70,139,5,3121
70,139,3,3124
69,139,5,3129
68,139,3,3132
68,139,3,3135
67,139,4,3139
66,139,3,3142
66,139,4,3146
65,139,3,3149
64,139,4,3153
64,139,3,3156
63,139,4,3160
63,139,3,3163
62,139,5,3168
61,139,3,3171
61,139,2,3173
60,139,3,3176
60,139,4,3180
59,139,3,3183
59,139,3,3186
58,139,3,3189
58,138,5,3194
58,138,3,3197
57,138,3,3200
56,138,5,3205
56,138,3,3208
56,138,4,3212
56,138,3,3215
56,138,6,3221
56,138,6,3227
56,138,3,3230
56,137,4,3234
56,137,4,3238
57,137,3,3241
57,137,3,3244
57,137,3,3247
58,137,3,3250
58,137,3,3253
58,137,2,3255
58,137,3,3258
58,137,2,3260
59,137,4,3264
59,137,4,3268
60,136,4,3272
60,136,3,3275
60,136,4,3279
61,136,2,3281
61,136,3,3284
62,136,4,3288
62,136,3,3291
62,136,5,3296
63,136,3,3299
64,136,4,3303
64,135,4,3307
64,135,2,3309
65,135,7,3316
66,135,5,3321
66,135,5,3326
66,135,4,3330
67,135,3,3333
67,135,6,3339
68,135,4,3343
68,135,3,3346
68,135,3,3349
68,135,4,3353
69,135,4,3357
69,135,2,3359
70,135,4,3363
70,135,20,3383
71,135,4,3387
72,135,4,3391
72,135,2,3393
72,135,5,3398
72,135,2,3400
72,135,2,3402
72,135,5,3407
72,135,2,3409
72,135,6,3415
71,135,5,3420
71,135,2,3422
71,135,4,3426
70,135,3,3429
70,135,4,3433
70,135,3,3436
69,135,5,3441
69,135,2,3443
68,135,6,3449
68,135,7,3456
67,135,4,3460
66,135,6,3466
66,135,3,3469
65,135,3,3472
65,135,3,3475
64,135,3,3478
64,135,2,3480
64,135,5,3485
63,135,3,3488
63,135,3,3491
62,135,4,3495
62,135,3,3498
62,135,3,3501
61,135,3,3504
61,135,4,3508
60,135,2,3510
60,135,7,3517
59,135,4,3521
59,135,3,3524
58,135,5,3529
58,135,2,3531
58,135,4,3535
58,135,2,3537
57,135,4,3541
57,135,3,3544
56,135,4,3548
56,135,3,3551
56,135,4,3555
56,135,3,3558
56,135,3,3561
56,135,4,3565
56,135,4,3569
56,135,3,3572
56,135,4,3576
57,135,3,3579
57,135,5,3584
57,135,3,3587
58,135,3,3590
58,135,2,3592
58,135,5,3597
58,135,2,3599
59,135,6,3605
60,135,3,3608
60,135,3,3611
60,135,6,3617
61,135,2,3619
61,135,2,3621
62,135,5,3626
62,135,2,3628
63,135,3,3631
64,135,6,3637
64,135,3,3640
65,135,5,3645
65,135,2,3647
66,135,4,3651
66,135,4,3655
67,135,3,3658
67,135,3,3661
69,135,14,3675
70,135,5,3680
70,135,4,3684
71,135,3,3687
72,135,3,3690
72,135,5,3695
72,135,2,3697
73,135,4,3701
73,135,3,3704
74,135,3,3707
74,135,3,3710
74,135,4,3714
74,135,2,3716
75,135,5,3721
75,136,6,3727
75,136,3,3730
76,136,6,3736
76,136,4,3740
75,136,5,3745
75,136,3,3748
75,136,4,3752
75,136,3,3755
74,136,5,3760
74,136,3,3763
74,136,3,3766
73,136,8,3774
72,137,4,3778
72,137,2,3780
71,137,4,3784
71,137,3,3787
70,137,3,3790
70,137,3,3793
69,137,3,3796
69,137,3,3799
68,137,4,3803
68,137,2,3805
67,137,4,3809
66,137,3,3812
66,137,4,3816
65,136,6,3822
65,136,3,3825
64,136,4,3829
63,136,5,3834
63,136,4,3838
62,136,6,3844
61,136,4,3848
61,136,2,3850
60,136,5,3855
60,136,2,3857
60,136,3,3860
59,136,4,3864
59,136,3,3867
58,136,3,3870
58,136,6,3876
57,136,4,3880
57,136,3,3883
57,136,3,3886
57,136,3,3889
57,136,4,3893
57,136,2,3895
57,136,3,3898
57,136,4,3902
57,136,4,3906
57,136,2,3908
58,136,4,3912
58,136,3,3915
58,136,3,3918
58,136,5,3923
59,136,4,3927
60,136,4,3931
60,136,5,3936
61,136,5,3941
61,136,3,3944
62,136,4,3948
62,136,3,3951
63,136,4,3955
63,136,3,3958
64,136,4,3962
64,136,2,3964
65,136,4,3968
66,136,5,3973
66,136,2,3975
66,136,2,3977
67,136,4,3981
67,136,2,3983
68,136,3,3986
68,136,2,3988
69,137,5,3993
69,137,3,3996
70,137,4,4000
70,137,4,4004
71,137,4,4008
71,137,3,4011
72,137,3,4014
72,137,3,4017
72,137,4,4021
73,137,5,4026
74,137,5,4031
74,137,4,4035
74,137,2,4037
75,137,5,4042
75,137,3,4045
75,137,5,4050
75,137,2,4052
75,137,3,4055
75,137,4,4059
75,137,3,4062
75,137,2,4064
75,137,5,4069
75,137,4,4073
74,137,3,4076
74,137,3,4079
74,137,3,4082
74,137,2,4084
74,137,2,4086
73,136,4,4090
72,136,3,4093
72,136,2,4095
71,136,5,4100
71,136,2,4102
70,136,5,4107
70,136,4,4111
69,136,3,4114
68,136,4,4118
68,136,4,4122
67,136,6,4128
66,136,3,4131
66,136,2,4133
65,136,4,4137
64,136,3,4140
64,136,3,4143
63,136,4,4147
63,136,3,4150
62,136,3,4153
62,136,3,4156
61,136,10,4166
60,136,5,4171
59,136,2,4173
59,136,5,4178
58,136,2,4180
58,136,5,4185
57,136,3,4188
57,136,4,4192
56,136,3,4195
56,136,3,4198
56,136,3,4201
56,136,4,4205
56,136,3,4208
55,136,3,4211
55,136,4,4215
55,136,4,4219
56,136,7,4226
56,136,3,4229
56,136,3,4232
56,136,4,4236
56,136,7,4243
57,136,5,4248
58,136,3,4251
58,136,6,4257
59,136,6,4263
60,136,7,4270
61,136,9,4279
62,136,6,4285
64,136,10,4295
64,136,4,4299
65,136,7,4306
66,136,5,4311
67,136,5,4316
68,136,9,4325
69,137,9,4334
70,137,6,4340
71,137,8,4348
72,137,5,4353
73,137,8,4361
73,137,7,4368
74,137,4,4372
74,137,6,4378
74,137,3,4381
74,137,5,4386
74,137,5,4391
74,137,6,4397
74,137,9,4406
73,137,5,4411
72,137,8,4419
72,137,3,4422
70,136,17,4439
69,136,7,4446
68,136,5,4451
67,136,4,4455
66,136,4,4459
65,136,8,4467
64,136,5,4472
63,136,7,4479
62,136,3,4482
62,136,7,4489
60,136,8,4497
60,136,6,4503
59,136,5,4508
58,136,5,4513
58,136,5,4518
57,136,6,4524
56,136,11,4535
56,136,9,4544
56,136,7,4551
56,136,14,4565
57,136,7,4572
58,136,7,4579
58,136,6,4585
59,136,5,4590
60,136,5,4595
60,136,4,4599
61,136,2,4601
62,136,4,4605
62,136,3,4608
63,136,4,4612
63,136,3,4615
64,136,4,4619
64,136,5,4624
65,136,6,4630
66,136,2,4632
66,136,5,4637
68,136,4,4641
68,136,3,4644
69,136,5,4649
69,136,2,4651
70,136,5,4656
70,136,3,4659
70,136,2,4661
71,136,6,4667
73,136,12,4679
74,137,4,4683
74,137,4,4687
74,137,4,4691
75,137,3,4694
75,137,5,4699
76,137,2,4701
76,137,5,4706
76,137,3,4709
76,137,4,4713
76,137,3,4716
76,137,4,4720
76,137,2,4722
76,137,7,4729
76,137,4,4733
76,137,3,4736
75,137,4,4740
75,137,3,4743
74,137,4,4747
74,137,2,4749
74,137,3,4752
73,137,5,4757
72,137,2,4759
72,137,4,4763
72,137,3,4766
71,137,3,4769
70,137,2,4771
70,137,5,4776
69,137,3,4779
68,136,5,4784
68,136,3,4787
67,136,4,4791
67,136,4,4795
66,136,3,4798
66,136,3,4801
65,136,4,4805
64,136,2,4807
64,136,4,4811
63,136,3,4814
63,136,3,4817
62,136,4,4821
61,136,5,4826
61,136,4,4830
60,136,4,4834
60,136,4,4838
59,136,3,4841
58,136,6,4847
58,136,5,4852
57,136,3,4855
57,136,3,4858
57,136,3,4861
56,136,4,4865
56,136,2,4867
56,136,4,4871
56,136,3,4874
56,136,4,4878
56,136,5,4883
56,136,2,4885
56,136,4,4889
56,136,2,4891
56,136,6,4897
56,136,4,4901
56,136,3,4904
56,136,4,4908
57,136,3,4911
57,136,5,4916
58,136,4,4920
58,136,4,4924
59,136,6,4930
59,136,4,4934
60,136,3,4937
60,136,5,4942
61,136,3,4945
62,136,9,4954
62,136,4,4958
63,136,2,4960
64,136,4,4964
64,136,2,4966
64,136,5,4971
65,136,3,4974
66,136,4,4978
66,136,3,4981
66,136,4,4985
67,136,3,4988
67,136,4,4992
68,136,2,4994
68,136,4,4998
69,136,3,5001
69,136,3,5004
70,136,3,5007
70,136,6,5013
71,137,3,5016
71,137,2,5018
72,137,7,5025
72,137,4,5029
73,137,3,5032
73,137,3,5035
73,137,4,5039
74,137,6,5045
74,137,4,5049
75,137,4,5053
75,137,3,5056
75,137,5,5061
75,137,2,5063
75,137,5,5068
75,137,4,5072
75,137,3,5075
75,137,4,5079
75,137,2,5081
75,137,2,5083
75,137,2,5085
75,137,5,5090
74,137,2,5092
74,137,3,5095
74,137,4,5099
74,137,2,5101
73,137,4,5105
72,137,5,5110
72,137,3,5113
72,136,3,5116
71,136,5,5121
70,136,2,5123
70,136,3,5126
70,136,3,5129
69,136,4,5133
69,136,2,5135
68,136,4,5139
68,136,2,5141
67,136,4,5145
67,136,3,5148
66,136,4,5152
66,136,4,5156
65,136,3,5159
65,136,2,5161
64,136,3,5164
64,136,4,5168
63,136,4,5172
63,136,4,5176
62,136,5,5181
62,136,2,5183
61,136,5,5188
60,136,2,5190
60,136,3,5193
60,136,2,5195
59,136,5,5200
59,136,4,5204
58,136,4,5208
58,136,2,5210
58,136,3,5213
57,136,3,5216
57,136,5,5221
57,136,2,5223
56,136,6,5229
56,136,4,5233
56,136,5,5238
56,136,3,5241
57,136,5,5246
57,136,5,5251
57,136,3,5254
58,136,4,5258
58,136,2,5260
58,136,3,5263
58,136,4,5267
59,136,5,5272
59,136,2,5274
60,136,4,5278
60,136,2,5280
60,136,3,5283
61,136,4,5287
61,136,4,5291
62,136,3,5294
62,136,4,5298
62,136,2,5300
63,136,4,5304
64,136,4,5308
64,136,3,5311
64,136,3,5314
65,136,4,5318
66,136,2,5320
66,136,4,5324
66,136,4,5328
67,136,5,5333
68,136,5,5338
70,136,22,5360
71,137,5,5365
72,137,5,5370
72,137,4,5374
73,137,4,5378
73,137,3,5381
74,137,3,5384
74,137,5,5389
74,137,2,5391
74,137,3,5394
75,137,4,5398
75,137,4,5402
75,137,2,5404
75,137,4,5408
75,137,2,5410
75,137,5,5415
75,137,3,5418
75,137,4,5422
74,137,6,5428
74,137,5,5433
73,137,6,5439
73,137,7,5446
72,136,5,5451
71,136,4,5455
71,136,3,5458
70,136,4,5462
70,136,3,5465
69,136,4,5469
68,136,2,5471
68,136,4,5475
67,136,3,5478
67,136,4,5482
66,136,3,5485
66,136,3,5488
65,136,3,5491
64,136,4,5495
64,136,2,5497
63,136,4,5501
63,136,3,5504
62,136,3,5507
62,136,3,5510
61,136,5,5515
61,136,2,5517
60,136,3,5520
60,136,4,5524
59,136,4,5528
58,136,4,5532
58,136,5,5537
58,136,2,5539
57,136,5,5544
56,136,3,5547
56,136,4,5551
56,136,4,5555
55,136,5,5560
55,136,5,5565
54,136,3,5568
54,136,3,5571
54,136,4,5575
54,136,4,5579
55,136,5,5584
55,136,2,5586
55,136,4,5590
55,136,4,5594
55,136,4,5598
56,136,3,5601
56,136,4,5605
56,136,2,5607
57,136,3,5610
57,136,4,5614
58,136,5,5619
58,136,2,5621
58,136,4,5625
59,136,2,5627
60,136,5,5632
60,136,5,5637
61,136,2,5639
62,136,3,5642
62,136,3,5645
62,136,4,5649
63,136,5,5654
64,136,2,5656
64,136,3,5659
64,136,2,5661
65,136,6,5667
66,136,2,5669
66,136,12,5681
68,136,6,5687
69,136,4,5691
69,136,3,5694
70,136,5,5699
70,136,2,5701
71,136,4,5705
71,136,2,5707
72,136,4,5711
72,136,3,5714
73,136,3,5717
73,136,3,5720
74,136,4,5724
74,136,3,5727
74,137,4,5731
74,137,4,5735
75,137,5,5740
75,137,2,5742
75,137,7,5749
75,137,3,5752
75,137,4,5756
75,137,3,5759
75,137,5,5764
75,137,3,5767
75,137,3,5770
75,137,3,5773
74,137,4,5777
74,137,3,5780
74,137,5,5785
74,137,2,5787
73,137,5,5792
72,137,3,5795
72,137,2,5797
72,137,2,5799
71,136,4,5803
71,136,3,5806
70,136,3,5809
70,136,4,5813
70,136,3,5816
69,136,3,5819
68,136,4,5823
68,136,3,5826
68,136,3,5829
67,136,3,5832
66,136,3,5835
66,136,3,5838
65,136,4,5842
65,136,4,5846
64,136,5,5851
63,136,4,5855
62,136,7,5862
62,136,2,5864
62,136,4,5868
61,136,3,5871
61,136,3,5874
60,136,4,5878
60,136,4,5882
59,136,3,5885
59,136,4,5889
58,136,3,5892
58,136,3,5895
58,136,3,5898
57,136,4,5902
57,136,2,5904
57,136,2,5906
57,136,2,5908
56,136,3,5911
56,136,3,5914
56,136,3,5917
56,136,4,5921
56,136,2,5923
56,136,4,5927
56,136,4,5931
56,136,4,5935
56,136,5,5940
56,136,2,5942
56,136,4,5946
57,136,4,5950
57,136,4,5954
57,136,3,5957
58,136,5,5962
58,136,4,5966
58,136,3,5969
59,136,4,5973
59,136,2,5975
60,136,4,5979
60,136,4,5983
61,136,2,5985
62,136,4,5989
62,136,2,5991
62,136,5,5996
63,136,2,5998
63,136,4,6002
64,136,2,6004
64,136,5,6009
65,136,3,6012
66,136,4,6016
66,136,3,6019
66,136,3,6022
67,136,2,6024
67,137,5,6029
68,137,3,6032
68,137,5,6037
69,137,2,6039
69,137,4,6043
70,137,6,6049
70,137,2,6051
71,137,3,6054
71,137,5,6059
72,137,4,6063
72,137,3,6066
72,137,3,6069
73,137,15,6084
75,137,6,6090
75,137,2,6092
75,137,5,6097
75,137,2,6099
76,137,4,6103
76,137,3,6106
76,137,4,6110
76,137,3,6113
76,137,4,6117
75,137,3,6120
75,137,4,6124
75,137,3,6127
75,137,4,6131
74,137,3,6134
73,137,9,6143
73,136,5,6148
72,136,4,6152
71,136,4,6156
71,136,3,6159
70,136,3,6162
70,136,4,6166
69,136,2,6168
69,136,4,6172
68,136,3,6175
68,136,5,6180
67,136,5,6185
66,136,2,6187
66,136,3,6190
65,136,4,6194
65,136,3,6197
64,136,2,6199
64,136,4,6203
63,136,3,6206
63,136,4,6210
62,136,5,6215
62,136,2,6217
61,136,6,6223
60,136,5,6228
60,136,3,6231
59,136,4,6235
59,136,4,6239
58,136,4,6243
58,136,4,6247
58,136,3,6250
57,136,4,6254
57,136,4,6258
57,136,3,6261
56,136,5,6266
56,136,4,6270
56,136,4,6274
57,136,2,6276
57,136,5,6281
57,136,3,6284
57,136,3,6287
57,136,3,6290
58,136,4,6294
58,136,2,6296
58,136,4,6300
58,136,3,6303
59,136,3,6306
59,136,4,6310
60,136,4,6314
60,136,2,6316
60,136,3,6319
61,136,4,6323
61,136,4,6327
62,136,3,6330
62,136,4,6334
62,136,2,6336
63,136,5,6341
64,136,3,6344
64,136,6,6350
65,136,5,6355
65,136,3,6358
66,136,3,6361
66,137,5,6366
67,137,3,6369
67,137,4,6373
68,137,3,6376
68,137,4,6380
69,137,5,6385
69,137,2,6387
70,136,5,6392
70,136,2,6394
70,136,4,6398
70,136,2,6400
71,136,5,6405
71,136,2,6407
72,136,5,6412
72,136,4,6416
72,136,3,6419
73,136,4,6423
73,136,4,6427
73,136,3,6430
73,136,3,6433
73,137,4,6437
73,137,6,6443
73,137,3,6446
73,137,3,6449
73,137,6,6455
72,136,4,6459
72,136,4,6463
72,136,4,6467
72,136,3,6470
71,136,4,6474
71,136,2,6476
70,136,7,6483
70,136,3,6486
70,136,3,6489
69,136,4,6493
69,136,2,6495
68,136,4,6499
68,136,3,6502
67,136,3,6505
67,136,3,6508
66,136,4,6512
66,136,2,6514
65,136,3,6517
65,136,4,6521
64,136,4,6525
64,136,2,6527
63,136,5,6532
62,136,11,6543
61,136,4,6547
61,136,4,6551
60,136,4,6555
60,136,3,6558
59,136,6,6564
58,136,5,6569
58,136,4,6573
58,136,3,6576
58,136,2,6578
57,136,5,6583
57,136,4,6587
56,136,3,6590
56,136,5,6595
56,136,4,6599
56,136,3,6602
55,136,4,6606
55,136,3,6609
55,136,4,6613
56,136,3,6616
56,136,3,6619
56,136,3,6622
56,136,3,6625
56,136,3,6628
56,135,3,6631
56,135,4,6635
57,135,3,6638
57,135,5,6643
58,135,4,6647
58,135,2,6649
58,135,6,6655
59,135,3,6658
59,135,3,6661
60,135,3,6664
60,135,5,6669
61,135,5,6674
62,135,3,6677
64,135,13,6690
65,135,5,6695
65,135,4,6699
66,135,4,6703
66,135,4,6707
67,135,2,6709
67,135,4,6713
68,135,3,6716
68,135,5,6721
69,135,2,6723
69,135,4,6727
70,135,3,6730
70,135,5,6735
71,135,2,6737
71,135,5,6742
72,135,2,6744
72,135,7,6751
73,135,3,6754
73,135,3,6757
74,135,4,6761
74,135,3,6764
74,135,3,6767
74,135,4,6771
74,135,3,6774
74,135,3,6777
74,135,4,6781
74,135,2,6783
74,136,4,6787
74,136,4,6791
74,136,3,6794
74,136,3,6797
74,136,4,6801
74,136,2,6803
73,136,4,6807
73,136,4,6811
72,136,3,6814
72,136,3,6817
71,136,4,6821
71,136,3,6824
70,136,3,6827
70,136,4,6831
69,136,5,6836
68,136,2,6838
68,136,5,6843
67,136,4,6847
66,136,4,6851
66,136,3,6854
65,136,3,6857
64,136,4,6861
64,136,5,6866
63,136,4,6870
62,136,3,6873
62,136,3,6876
62,136,4,6880
61,136,3,6883
60,136,3,6886
60,136,4,6890
59,136,4,6894
59,136,2,6896
58,136,4,6900
58,136,2,6902
58,136,4,6906
57,136,3,6909
57,136,3,6912
56,136,2,6914
56,136,4,6918
56,136,4,6922
56,136,3,6925
55,136,3,6928
55,136,10,6938
55,136,3,6941
55,136,3,6944
56,136,5,6949
56,136,4,6953
56,136,3,6956
56,136,5,6961
57,136,4,6965
57,136,5,6970
58,136,4,6974
58,136,4,6978
59,136,4,6982
59,136,3,6985
60,136,5,6990
60,136,4,6994
61,136,3,6997
61,136,3,7000
62,136,3,7003
62,136,5,7008
63,136,2,7010
63,136,3,7013
64,136,4,7017
64,136,3,7020
64,136,3,7023
65,136,4,7027
66,136,3,7030
66,136,4,7034
66,136,3,7037
67,136,3,7040
67,136,3,7043
68,136,4,7047
68,136,4,7051
69,136,4,7055
69,136,3,7058
70,136,4,7062
70,136,6,7068
71,136,3,7071
71,136,3,7074
72,136,6,7080
72,136,3,7083
73,136,6,7089
73,136,4,7093
73,137,2,7095
74,137,5,7100
74,137,2,7102
74,137,5,7107
74,137,2,7109
74,137,4,7113
74,137,2,7115
74,137,4,7119
74,137,3,7122
74,137,4,7126
74,137,3,7129
74,137,3,7132
74,137,4,7136
74,137,3,7139
73,137,3,7142
73,137,4,7146
72,137,3,7149
72,137,3,7152
72,137,4,7156
71,137,3,7159
71,137,4,7163
70,137,7,7170
69,137,3,7173
68,137,5,7178
68,137,4,7182
67,137,5,7187
67,137,2,7189
66,137,4,7193
66,137,4,7197
65,137,3,7200
65,137,3,7203
64,137,5,7208
64,137,2,7210
63,137,8,7218
62,137,5,7223
62,137,5,7228
61,137,8,7236
60,136,5,7241
59,136,7,7248
58,136,7,7255
58,136,7,7262
57,135,8,7270
57,135,9,7279
57,135,7,7286
57,135,8,7294
57,135,6,7300
58,135,6,7306
58,135,5,7311
59,135,7,7318
59,135,3,7321
60,134,9,7330
62,134,14,7344
64,134,7,7351
64,134,5,7356
65,134,5,7361
67,134,10,7371
68,134,9,7380
69,134,7,7387
70,134,4,7391
71,134,9,7400
71,134,4,7404
72,134,7,7411
74,134,8,7419
74,134,6,7425
75,134,8,7433
76,134,10,7443
76,134,9,7452
75,134,11,7463
75,134,7,7470
74,134,7,7477
73,134,7,7484
72,134,4,7488
71,134,8,7496
70,134,10,7506
69,134,3,7509
68,134,8,7517
67,134,6,7523
66,134,8,7531
64,134,7,7538
64,134,5,7543
62,134,7,7550
61,134,6,7556
60,134,6,7562
59,134,11,7573
58,134,3,7576
58,134,6,7582
57,134,4,7586
57,134,3,7589
56,134,3,7592
56,134,2,7594
56,134,5,7599
56,134,4,7603
56,134,2,7605
56,134,6,7611
56,134,2,7613
56,134,5,7618
56,134,2,7620
56,134,3,7623
56,134,3,7626
56,134,3,7629
56,134,3,7632
57,134,4,7636
57,134,3,7639
57,134,3,7642
58,134,3,7645
58,134,5,7650
58,134,3,7653
59,134,5,7658
60,134,5,7663
60,134,3,7666
61,134,4,7670
61,134,2,7672
62,134,6,7678
64,134,6,7684
64,134,4,7688
64,134,3,7691
65,134,3,7694
65,134,4,7698
66,134,3,7701
66,134,3,7704
67,134,4,7708
67,134,3,7711
68,134,7,7718
68,134,4,7722
69,134,3,7725
69,134,5,7730
70,134,3,7733
70,134,5,7738
70,134,2,7740
71,134,3,7743
71,134,4,7747
72,134,4,7751
72,134,5,7756
72,134,2,7758
72,134,3,7761
73,134,5,7766
73,134,3,7769
73,134,3,7772
74,134,4,7776
74,134,4,7780
74,134,3,7783
74,134,5,7788
73,134,3,7791
73,134,4,7795
73,134,3,7798
73,134,4,7802
73,134,3,7805
72,134,4,7809
72,134,3,7812
72,134,4,7816
72,134,2,7818
71,134,4,7822
71,134,3,7825
70,134,4,7829
70,134,2,7831
69,134,4,7835
69,134,2,7837
68,134,4,7841
68,134,3,7844
67,134,6,7850
67,134,2,7852
66,134,5,7857
66,134,3,7860
65,134,5,7865
65,134,2,7867
64,134,4,7871
64,134,6,7877
63,134,4,7881
