61,145,5,5
61,145,2,7
61,145,5,12
61,145,2,14
61,145,6,20
62,145,4,24
62,145,2,26
62,145,4,30
62,145,3,33
62,145,4,37
63,145,3,40
63,145,3,43
63,145,3,46
63,145,4,50
63,145,3,53
63,145,3,56
63,145,4,60
63,145,3,63
64,145,8,71
64,145,4,75
64,145,4,79
64,145,4,83
64,145,3,86
64,145,4,90
65,145,2,92
65,145,4,96
65,145,3,99
65,145,4,103
65,145,3,106
65,145,4,110
65,145,3,113
65,145,3,116
65,145,4,120
65,145,3,123
65,145,3,126
65,145,4,130
65,145,3,133
65,145,7,140
66,145,4,144
66,145,2,146
66,145,6,152
66,145,2,154
66,145,6,160
66,145,4,164
66,145,3,167
66,145,8,175
66,145,4,179
66,145,3,182
66,145,3,185
66,145,3,188
66,145,3,191
66,145,2,193
66,145,6,199
66,145,2,201
66,145,3,204
66,145,3,207
66,145,4,211
66,145,3,214
66,145,4,218
66,145,2,220
66,145,3,223
66,145,4,227
66,145,3,230
66,145,3,233
66,145,4,237
66,145,3,240
66,145,3,243
66,145,3,246
66,145,4,250
66,145,3,253
66,145,5,258
66,145,2,260
66,145,11,271
66,145,4,275
66,145,6,281
66,145,5,286
66,145,5,291
66,145,7,298
66,145,6,304
66,145,6,310
66,145,9,319
66,145,7,326
66,145,12,338
66,145,9,347
66,145,5,352
66,145,9,361
66,145,6,367
65,145,7,374
65,145,13,387
65,145,4,391
65,145,9,400
65,145,15,415
65,145,5,420
65,145,6,426
65,145,8,434
65,145,6,440
65,145,8,448
65,145,10,458
65,145,16,474
65,145,6,480
65,145,7,487
65,145,6,493
65,145,7,500
65,145,3,503
65,145,6,509
65,145,6,515
65,145,4,519
65,145,10,529
65,145,8,537
65,145,8,545
65,145,4,549
65,145,5,554
65,145,5,559
65,145,11,570
65,145,6,576
65,145,9,585
65,145,4,589
65,145,8,597
65,145,4,601
65,145,3,604
65,145,7,611
65,145,6,617
65,145,7,624
65,145,7,631
65,145,6,637
65,145,6,643
65,145,3,646
65,145,2,648
65,145,6,654
65,145,3,657
65,145,4,661
65,145,3,664
65,145,3,667
65,145,7,674
65,145,6,680
65,145,3,683
65,145,4,687
65,145,4,691
65,145,3,694
65,145,2,696
65,145,5,701
65,145,3,704
65,145,2,706
65,145,3,709
65,145,4,713
65,145,3,716
65,145,10,726
65,145,3,729
65,145,3,732
65,145,3,735
65,145,4,739
65,145,3,742
65,145,3,745
65,145,4,749
65,145,3,752
65,145,3,755
65,145,4,759
65,145,3,762
65,145,3,765
65,145,6,771
65,145,4,775
65,145,4,779
65,145,2,781
65,145,5,786
65,145,3,789
65,145,4,793
65,145,2,795
65,145,4,799
65,145,4,803
65,145,2,805
65,145,4,809
65,145,3,812
65,145,4,816
65,145,5,821
65,145,3,824
65,145,2,826
65,145,4,830
65,145,3,833
65,145,3,836
65,145,4,840
65,145,2,842
65,145,4,846
65,145,3,849
65,145,3,852
65,145,3,855
65,145,4,859
65,145,2,861
65,145,4,865
65,145,3,868
65,145,4,872
65,145,3,875
65,145,4,879
65,145,2,881
65,145,5,886
65,145,3,889
65,145,5,894
65,145,2,896
65,145,4,900
65,145,3,903
65,145,2,905
65,145,3,908
65,145,3,911
65,145,3,914
65,145,4,918
65,145,2,920
65,145,5,925
65,145,5,930
65,145,2,932
65,145,5,937
65,145,3,940
65,145,4,944
65,145,3,947
65,145,3,950
65,145,3,953
65,145,5,958
65,145,2,960
65,145,4,964
65,145,3,967
65,145,3,970
65,145,3,973
65,145,5,978
65,145,2,980
65,145,3,983
65,145,5,988
65,145,4,992
65,145,2,994
65,145,4,998
65,145,2,1000
65,145,4,1004
65,145,3,1007
65,145,3,1010
65,145,3,1013
65,145,4,1017
65,145,3,1020
65,145,4,1024
65,145,3,1027
65,145,3,1030
65,145,3,1033
65,145,4,1037
65,145,3,1040
65,145,3,1043
65,145,4,1047
65,145,3,1050
65,145,3,1053
65,145,5,1058
65,145,2,1060
65,145,3,1063
65,145,5,1068
65,145,3,1071
65,145,3,1074
66,145,4,1078
66,145,3,1081
66,145,3,1084
66,145,4,1088
66,145,3,1091
66,145,3,1094
66,145,4,1098
66,145,2,1100
66,145,4,1104
66,145,3,1107
66,145,4,1111
67,145,2,1113
67,145,4,1117
67,145,9,1126
67,145,2,1128
67,145,3,1131
67,145,3,1134
67,145,5,1139
67,145,2,1141
67,145,3,1144
67,145,5,1149
67,145,3,1152
67,145,2,1154
68,145,5,1159
68,145,2,1161
68,145,3,1164
68,145,4,1168
68,145,4,1172
68,145,4,1176
68,145,4,1180
68,145,3,1183
69,145,6,1189
69,145,3,1192
69,145,2,1194
69,145,3,1197
69,145,3,1200
69,145,3,1203
69,145,3,1206
69,145,3,1209
69,145,3,1212
69,145,4,1216
69,145,3,1219
69,145,4,1223
69,145,5,1228
69,145,3,1231
69,145,3,1234
69,145,3,1237
69,145,4,1241
69,145,2,1243
69,145,4,1247
69,145,3,1250
69,145,3,1253
69,145,3,1256
69,145,3,1259
69,145,5,1264
69,145,3,1267
69,145,2,1269
69,145,4,1273
69,145,4,1277
69,145,5,1282
69,145,6,1288
69,145,3,1291
69,145,4,1295
69,145,3,1298
68,145,3,1301
68,145,4,1305
68,145,3,1308
68,145,4,1312
68,145,3,1315
68,145,3,1318
68,145,3,1321
68,145,2,1323
68,145,7,1330
68,145,3,1333
68,145,3,1336
68,145,3,1339
68,145,3,1342
68,145,4,1346
68,145,5,1351
68,145,2,1353
68,145,5,1358
68,145,2,1360
68,145,3,1363
68,145,4,1367
68,145,5,1372
68,145,6,1378
68,145,4,1382
68,145,7,1389
68,145,3,1392
68,145,5,1397
68,145,3,1400
68,145,3,1403
68,145,3,1406
68,145,12,1418
68,145,5,1423
67,145,5,1428
67,145,3,1431
67,145,4,1435
67,145,2,1437
67,145,4,1441
67,145,4,1445
67,145,4,1449
67,145,3,1452
67,145,4,1456
67,145,2,1458
67,145,4,1462
67,145,3,1465
67,145,4,1469
67,145,4,1473
67,145,5,1478
66,145,4,1482
66,145,3,1485
66,145,4,1489
65,145,3,1492
65,145,5,1497
65,145,3,1500
65,145,2,1502
65,145,4,1506
65,145,3,1509
65,145,3,1512
64,145,7,1519
64,145,4,1523
64,145,3,1526
63,145,5,1531
63,145,3,1534
63,145,3,1537
63,145,4,1541
63,145,5,1546
63,145,2,1548
63,145,3,1551
63,145,3,1554
63,145,4,1558
62,145,2,1560
62,145,4,1564
62,145,3,1567
62,145,3,1570
62,145,4,1574
62,145,6,1580
61,145,4,1584
61,145,3,1587
61,145,3,1590
61,145,3,1593
61,145,5,1598
61,145,2,1600
61,145,4,1604
61,145,2,1606
61,145,4,1610
61,145,4,1614
61,145,3,1617
61,145,3,1620
61,145,4,1624
61,145,2,1626
61,145,5,1631
61,145,3,1634
61,145,3,1637
61,145,3,1640
61,145,4,1644
61,145,2,1646
61,145,4,1650
61,145,3,1653
60,145,3,1656
60,145,3,1659
60,145,4,1663
60,145,3,1666
60,145,2,1668
60,145,4,1672
60,145,4,1676
60,145,4,1680
61,145,5,1685
61,145,3,1688
61,145,6,1694
61,145,3,1697
61,145,5,1702
61,145,4,1706
61,145,3,1709
61,145,4,1713
61,145,2,1715
61,145,4,1719
61,145,3,1722
61,145,3,1725
61,145,3,1728
61,145,5,1733
61,145,2,1735
61,145,4,1739
61,145,3,1742
62,145,3,1745
62,145,4,1749
62,145,4,1753
62,145,2,1755
62,145,4,1759
62,145,3,1762
63,145,3,1765
63,145,3,1768
63,145,5,1773
63,145,4,1777
63,145,2,1779
63,145,4,1783
63,145,3,1786
63,145,3,1789
64,145,4,1793
64,145,5,1798
64,145,2,1800
64,145,4,1804
64,145,2,1806
65,145,3,1809
65,145,4,1813
65,145,2,1815
65,145,4,1819
65,145,3,1822
65,145,3,1825
65,145,3,1828
65,145,5,1833
65,145,4,1837
65,145,2,1839
66,145,4,1843
66,145,3,1846
66,145,3,1849
66,145,4,1853
66,145,2,1855
66,145,4,1859
66,145,3,1862
66,145,3,1865
67,145,4,1869
67,145,4,1873
67,145,2,1875
67,145,4,1879
67,145,6,1885
67,145,3,1888
67,145,5,1893
67,145,3,1896
67,145,2,1898
67,145,4,1902
67,145,2,1904
67,145,3,1907
67,145,2,1909
67,145,3,1912
67,145,9,1921
67,145,3,1924
67,145,3,1927
67,145,5,1932
67,145,4,1936
67,145,3,1939
67,145,3,1942
67,145,3,1945
67,145,3,1948
67,145,4,1952
67,145,2,1954
67,145,3,1957
67,145,3,1960
67,145,3,1963
67,145,4,1967
67,145,4,1971
67,145,2,1973
67,145,4,1977
67,145,14,1991
67,145,7,1998
67,145,6,2004
67,145,4,2008
67,145,3,2011
67,145,3,2014
67,145,3,2017
67,145,4,2021
67,145,2,2023
67,145,4,2027
67,145,3,2030
67,145,3,2033
67,145,4,2037
67,145,4,2041
67,145,3,2044
67,145,5,2049
67,145,3,2052
67,145,3,2055
67,145,2,2057
67,145,5,2062
67,145,3,2065
67,145,4,2069
67,145,4,2073
67,145,2,2075
67,145,3,2078
67,145,3,2081
67,145,5,2086
67,145,5,2091
67,145,4,2095
67,145,4,2099
67,145,3,2102
67,145,3,2105
67,145,5,2110
67,145,4,2114
67,145,2,2116
67,145,4,2120
67,145,2,2122
67,145,3,2125
67,145,4,2129
67,145,3,2132
67,145,5,2137
67,145,4,2141
67,145,2,2143
67,145,5,2148
67,145,4,2152
67,145,2,2154
67,145,2,2156
67,145,4,2160
67,145,4,2164
67,145,3,2167
67,145,3,2170
67,145,4,2174
67,145,4,2178
67,145,4,2182
67,145,5,2187
67,145,3,2190
67,145,3,2193
67,145,8,2201
67,145,3,2204
67,145,3,2207
67,145,3,2210
67,145,3,2213
67,145,4,2217
67,145,2,2219
67,145,4,2223
67,145,4,2227
67,145,3,2230
67,145,3,2233
67,145,4,2237
67,145,2,2239
67,145,4,2243
67,145,3,2246
67,145,4,2250
67,145,3,2253
67,145,4,2257
66,145,2,2259
66,145,4,2263
66,145,3,2266
66,145,3,2269
66,145,3,2272
66,145,4,2276
66,145,3,2279
66,145,3,2282
65,145,2,2284
65,145,4,2288
65,145,3,2291
65,145,6,2297
65,145,3,2300
65,145,4,2304
65,145,3,2307
65,145,9,2316
64,145,2,2318
64,145,6,2324
64,145,3,2327
64,145,3,2330
64,145,5,2335
64,145,4,2339
64,145,2,2341
63,145,3,2344
63,145,3,2347
63,145,3,2350
63,145,4,2354
63,145,3,2357
63,145,6,2363
63,145,3,2366
63,145,3,2369
63,145,4,2373
63,145,3,2376
63,145,3,2379
63,145,2,2381
63,145,4,2385
63,145,4,2389
63,145,4,2393
63,145,2,2395
63,145,4,2399
63,145,3,2402
63,145,4,2406
63,145,2,2408
63,145,4,2412
63,145,2,2414
63,145,12,2426
63,145,5,2431
63,145,3,2434
63,145,4,2438
63,145,3,2441
63,145,3,2444
63,145,3,2447
63,145,5,2452
63,145,2,2454
63,145,3,2457
63,145,3,2460
63,145,4,2464
63,145,3,2467
63,145,4,2471
63,145,2,2473
63,145,4,2477
63,145,4,2481
63,145,6,2487
63,145,4,2491
63,145,2,2493
63,145,5,2498
63,145,3,2501
63,145,3,2504
63,145,4,2508
63,145,3,2511
63,145,2,2513
63,145,3,2516
63,145,2,2518
63,145,4,2522
63,145,3,2525
63,145,5,2530
63,145,7,2537
63,145,5,2542
63,145,3,2545
63,145,4,2549
63,145,3,2552
63,145,4,2556
63,145,4,2560
63,145,3,2563
63,145,4,2567
63,145,4,2571
63,145,3,2574
63,145,5,2579
63,145,3,2582
63,145,5,2587
63,145,3,2590
63,145,4,2594
63,145,3,2597
63,145,5,2602
63,145,2,2604
63,145,5,2609
63,145,3,2612
63,145,3,2615
63,145,2,2617
63,145,3,2620
63,145,4,2624
64,145,5,2629
64,145,2,2631
64,145,4,2635
64,145,4,2639
65,145,3,2642
65,145,3,2645
65,145,4,2649
65,145,2,2651
65,145,4,2655
65,145,4,2659
65,145,3,2662
65,145,3,2665
66,145,4,2669
66,145,2,2671
66,145,3,2674
66,145,4,2678
67,145,4,2682
67,145,4,2686
67,145,5,2691
67,145,2,2693
67,145,5,2698
67,145,4,2702
67,145,8,2710
68,145,4,2714
68,145,2,2716
68,145,5,2721
68,145,4,2725
68,145,3,2728
69,145,3,2731
69,145,3,2734
69,145,5,2739
69,145,2,2741
69,145,4,2745
69,145,3,2748
69,145,3,2751
69,145,3,2754
69,145,4,2758
69,145,2,2760
69,145,3,2763
69,145,5,2768
69,145,3,2771
69,145,3,2774
69,145,4,2778
69,145,3,2781
69,145,3,2784
69,145,6,2790
69,145,2,2792
69,145,5,2797
69,145,4,2801
69,145,3,2804
69,145,4,2808
69,145,3,2811
69,145,3,2814
69,145,3,2817
69,145,3,2820
69,145,3,2823
69,145,4,2827
69,145,3,2830
69,145,3,2833
69,145,4,2837
69,145,3,2840
69,145,2,2842
69,145,4,2846
69,145,2,2848
69,145,4,2852
69,145,3,2855
69,145,3,2858
69,145,3,2861
69,145,4,2865
69,145,3,2868
69,145,3,2871
69,145,3,2874
69,145,4,2878
69,145,3,2881
69,145,6,2887
69,145,4,2891
69,145,3,2894
69,145,4,2898
69,145,3,2901
69,145,4,2905
69,145,2,2907
69,145,4,2911
69,145,4,2915
69,145,2,2917
69,145,4,2921
69,145,3,2924
69,145,4,2928
69,145,3,2931
69,145,4,2935
69,145,3,2938
69,145,4,2942
69,145,3,2945
69,145,3,2948
69,145,3,2951
69,145,4,2955
69,145,3,2958
69,145,4,2962
69,145,3,2965
69,145,3,2968
69,145,3,2971
69,145,4,2975
69,145,2,2977
69,145,4,2981
69,145,4,2985
69,145,3,2988
69,145,3,2991
69,145,5,2996
69,145,2,2998
69,145,6,3004
69,145,5,3009
69,145,5,3014
69,145,4,3018
69,145,3,3021
69,145,4,3025
69,145,3,3028
69,145,3,3031
69,145,3,3034
69,145,4,3038
69,145,3,3041
69,145,4,3045
69,145,2,3047
68,145,4,3051
68,145,3,3054
68,145,4,3058
68,145,3,3061
67,145,4,3065
67,145,2,3067
67,145,4,3071
67,145,3,3074
67,145,3,3077
67,145,2,3079
67,145,4,3083
67,145,3,3086
66,145,4,3090
66,145,4,3094
66,145,4,3098
65,145,10,3108
65,145,2,3110
65,145,5,3115
65,145,3,3118
65,145,2,3120
65,145,4,3124
64,145,3,3127
64,145,3,3130
64,145,4,3134
64,145,2,3136
64,145,5,3141
63,145,3,3144
63,145,4,3148
63,145,3,3151
63,145,4,3155
63,145,2,3157
63,145,6,3163
63,145,3,3166
63,145,2,3168
63,145,4,3172
63,145,3,3175
63,145,4,3179
63,145,4,3183
62,145,5,3188
62,145,5,3193
62,145,2,3195
62,145,4,3199
62,145,3,3202
62,145,4,3206
62,145,5,3211
62,145,4,3215
62,145,3,3218
62,145,4,3222
62,145,2,3224
62,145,4,3228
62,145,10,3238
62,145,5,3243
62,145,5,3248
61,145,5,3253
61,145,4,3257
61,145,7,3264
61,145,4,3268
61,145,5,3273
61,145,9,3282
62,145,5,3287
62,145,10,3297
62,145,4,3301
62,145,11,3312
62,145,4,3316
62,145,6,3322
63,145,5,3327
63,145,13,3340
63,145,6,3346
64,145,7,3353
64,145,7,3360
65,145,6,3366
65,145,7,3373
65,145,8,3381
65,145,3,3384
66,145,6,3390
66,145,6,3396
66,145,6,3402
67,145,15,3417
68,145,18,3435
68,145,4,3439
68,145,6,3445
69,145,9,3454
69,145,6,3460
69,145,6,3466
69,145,8,3474
69,145,8,3482
69,145,6,3488
70,145,16,3504
70,145,13,3517
70,145,6,3523
70,145,6,3529
70,145,7,3536
70,145,9,3545
71,145,6,3551
71,145,6,3557
71,145,4,3561
71,145,5,3566
71,145,5,3571
71,145,8,3579
71,145,6,3585
71,145,4,3589
71,145,3,3592
71,145,3,3595
70,145,3,3598
70,145,6,3604
70,145,5,3609
70,145,4,3613
70,145,5,3618
70,145,2,3620
70,145,5,3625
70,145,2,3627
70,145,3,3630
70,145,3,3633
71,145,5,3638
71,145,4,3642
71,145,3,3645
71,145,3,3648
71,145,4,3652
71,145,2,3654
71,145,3,3657
71,145,4,3661
71,145,4,3665
71,145,3,3668
71,145,4,3672
71,145,3,3675
70,145,2,3677
70,145,3,3680
70,145,4,3684
70,145,3,3687
70,145,4,3691
70,145,4,3695
70,145,3,3698
70,145,5,3703
70,145,5,3708
70,145,4,3712
70,145,3,3715
70,145,3,3718
70,145,5,3723
70,145,2,3725
70,145,3,3728
70,145,4,3732
70,145,4,3736
70,145,5,3741
70,145,2,3743
70,145,2,3745
70,145,5,3750
70,145,3,3753
70,145,2,3755
70,145,3,3758
70,145,6,3764
70,145,4,3768
70,145,3,3771
70,145,4,3775
70,145,2,3777
70,145,4,3781
70,145,2,3783
70,145,4,3787
70,145,3,3790
70,145,3,3793
70,145,3,3796
70,145,5,3801
70,145,2,3803
70,145,4,3807
69,145,4,3811
69,145,3,3814
69,145,4,3818
69,145,5,3823
69,145,2,3825
69,145,5,3830
68,145,3,3833
68,145,4,3837
68,145,4,3841
67,145,3,3844
67,145,3,3847
67,145,4,3851
67,145,3,3854
67,145,3,3857
67,145,4,3861
66,145,2,3863
66,145,4,3867
66,145,4,3871
65,145,3,3874
65,145,3,3877
65,145,4,3881
65,145,2,3883
65,145,4,3887
64,145,8,3895
64,145,3,3898
64,145,4,3902
64,145,3,3905
63,145,6,3911
63,145,4,3915
63,145,2,3917
63,145,6,3923
63,145,4,3927
63,145,3,3930
63,145,4,3934
63,145,3,3937
62,145,5,3942
62,145,2,3944
62,145,4,3948
62,145,4,3952
62,145,3,3955
62,145,2,3957
62,145,4,3961
61,145,4,3965
61,145,3,3968
61,145,4,3972
61,145,3,3975
61,145,6,3981
61,145,2,3983
61,145,2,3985
61,145,6,3991
61,145,4,3995
61,145,3,3998
61,145,6,4004
61,145,3,4007
61,145,4,4011
61,145,4,4015
61,145,2,4017
61,145,4,4021
61,145,2,4023
61,145,4,4027
61,145,3,4030
61,145,3,4033
61,145,3,4036
61,145,5,4041
61,145,2,4043
61,145,4,4047
61,145,3,4050
61,145,4,4054
61,145,2,4056
61,145,4,4060
61,145,2,4062
61,145,4,4066
61,145,5,4071
62,145,2,4073
62,145,3,4076
62,145,4,4080
62,145,3,4083
62,145,3,4086
63,145,4,4090
63,145,5,4095
63,145,2,4097
63,145,5,4102
63,145,3,4105
63,145,4,4109
63,145,4,4113
64,145,4,4117
64,145,4,4121
64,145,4,4125
65,145,4,4129
65,145,3,4132
65,145,3,4135
65,145,6,4141
65,145,3,4144
65,145,3,4147
66,145,5,4152
66,145,2,4154
66,145,6,4160
67,145,3,4163
67,145,3,4166
67,145,4,4170
67,145,2,4172
67,145,4,4176
67,145,3,4179
67,145,3,4182
67,145,3,4185
67,145,5,4190
67,145,2,4192
68,145,4,4196
68,145,4,4200
68,145,3,4203
68,145,4,4207
68,145,4,4211
69,145,2,4213
69,145,7,4220
69,145,3,4223
69,145,6,4229
69,145,2,4231
69,145,2,4233
69,145,4,4237
69,145,3,4240
69,145,4,4244
69,145,3,4247
69,145,4,4251
69,145,3,4254
69,145,4,4258
69,145,2,4260
69,145,3,4263
69,145,3,4266
69,145,3,4269
69,145,2,4271
69,145,5,4276
69,145,2,4278
69,145,4,4282
69,145,4,4286
69,145,11,4297
69,145,2,4299
69,145,4,4303
69,145,3,4306
69,145,4,4310
69,145,3,4313
69,145,9,4322
69,145,6,4328
69,145,3,4331
69,145,2,4333
69,145,5,4338
69,145,3,4341
69,145,4,4345
69,145,3,4348
69,145,3,4351
69,145,2,4353
69,145,6,4359
69,145,4,4363
69,145,3,4366
69,145,4,4370
69,145,2,4372
69,145,4,4376
69,145,2,4378
69,145,4,4382
69,145,3,4385
69,145,5,4390
69,145,6,4396
69,145,5,4401
69,145,4,4405
69,145,4,4409
69,145,3,4412
69,145,20,4432
69,145,3,4435
69,145,6,4441
69,145,6,4447
69,145,2,4449
69,145,5,4454
69,145,4,4458
69,145,3,4461
69,145,4,4465
69,145,2,4467
69,145,4,4471
69,145,3,4474
69,145,3,4477
69,145,3,4480
69,145,5,4485
69,145,3,4488
69,145,4,4492
69,145,3,4495
69,145,4,4499
69,145,2,4501
69,145,4,4505
69,145,2,4507
69,145,4,4511
69,145,3,4514
69,145,3,4517
69,145,4,4521
69,145,2,4523
69,145,4,4527
69,145,2,4529
69,145,5,4534
69,145,2,4536
69,145,6,4542
69,145,3,4545
69,145,2,4547
69,145,4,4551
69,145,3,4554
69,145,4,4558
69,145,4,4562
69,145,2,4564
69,145,4,4568
69,145,3,4571
69,145,3,4574
69,145,4,4578
69,145,4,4582
69,145,3,4585
69,145,3,4588
69,145,4,4592
69,145,4,4596
69,145,2,4598
69,145,4,4602
69,145,3,4605
69,145,4,4609
69,145,3,4612
68,145,4,4616
68,145,6,4622
68,145,2,4624
68,145,4,4628
67,145,3,4631
67,145,3,4634
67,145,3,4637
67,145,6,4643
67,145,3,4646
67,145,2,4648
67,145,5,4653
66,145,2,4655
66,145,5,4660
66,145,4,4664
66,145,2,4666
66,145,2,4668
65,145,5,4673
65,145,3,4676
65,145,4,4680
65,145,7,4687
65,145,4,4691
65,145,3,4694
65,145,3,4697
65,145,3,4700
65,145,4,4704
64,145,5,4709
64,145,3,4712
64,145,3,4715
64,145,6,4721
64,145,4,4725
63,145,4,4729
63,145,3,4732
63,145,3,4735
63,145,6,4741
63,145,5,4746
63,145,3,4749
63,145,3,4752
63,145,3,4755
63,145,4,4759
63,145,3,4762
63,145,3,4765
63,145,4,4769
63,145,3,4772
63,145,3,4775
63,145,4,4779
63,145,2,4781
63,145,4,4785
63,145,3,4788
63,145,4,4792
63,145,3,4795
63,145,4,4799
63,145,3,4802
63,145,4,4806
63,145,3,4809
63,145,3,4812
63,145,3,4815
63,145,4,4819
63,145,2,4821
63,145,3,4824
63,145,4,4828
63,145,4,4832
63,145,3,4835
63,145,6,4841
63,145,4,4845
63,145,3,4848
63,145,3,4851
63,145,3,4854
63,145,4,4858
63,145,3,4861
63,145,4,4865
63,145,3,4868
63,145,3,4871
63,145,3,4874
63,145,4,4878
63,145,2,4880
63,145,3,4883
63,145,4,4887
63,145,5,4892
63,145,2,4894
63,145,5,4899
63,145,3,4902
63,145,5,4907
63,145,3,4910
63,145,4,4914
63,145,3,4917
63,145,6,4923
63,145,2,4925
63,145,3,4928
63,145,4,4932
63,145,5,4937
63,145,2,4939
63,145,4,4943
63,145,4,4947
63,145,3,4950
63,145,2,4952
63,145,5,4957
63,145,2,4959
63,145,4,4963
63,145,5,4968
63,145,2,4970
63,145,2,4972
63,145,5,4977
63,145,3,4980
63,145,3,4983
63,145,2,4985
63,145,5,4990
63,145,3,4993
63,145,4,4997
63,145,2,4999
63,145,3,5002
63,145,2,5004
63,145,4,5008
63,145,2,5010
63,145,3,5013
63,145,3,5016
63,145,4,5020
63,145,2,5022
63,145,5,5027
64,145,4,5031
64,145,4,5035
64,145,3,5038
64,145,3,5041
65,145,4,5045
65,145,2,5047
65,145,3,5050
65,145,3,5053
65,145,4,5057
65,145,4,5061
65,145,3,5064
65,145,2,5066
66,145,3,5069
66,145,2,5071
66,145,4,5075
66,145,6,5081
67,145,4,5085
67,145,3,5088
67,145,5,5093
67,145,2,5095
67,145,4,5099
67,145,3,5102
67,145,3,5105
68,145,3,5108
68,145,5,5113
68,145,3,5116
68,145,3,5119
69,145,5,5124
69,145,2,5126
69,145,6,5132
69,145,3,5135
69,145,2,5137
69,145,5,5142
69,145,2,5144
69,145,3,5147
69,145,3,5150
69,145,4,5154
69,145,3,5157
70,145,5,5162
70,145,2,5164
70,145,3,5167
70,145,2,5169
70,145,5,5174
70,145,2,5176
70,145,5,5181
70,145,2,5183
70,145,5,5188
71,145,4,5192
71,145,3,5195
71,145,3,5198
71,145,4,5202
71,145,2,5204
71,145,4,5208
71,145,4,5212
71,145,3,5215
71,145,3,5218
71,145,4,5222
71,145,3,5225
71,145,4,5229
71,145,3,5232
71,145,3,5235
71,145,3,5238
71,145,4,5242
71,145,4,5246
71,145,2,5248
71,145,3,5251
71,145,4,5255
71,145,2,5257
71,145,4,5261
71,145,2,5263
71,145,2,5265
71,145,3,5268
71,145,3,5271
71,145,4,5275
71,145,2,5277
71,145,4,5281
71,145,2,5283
71,145,4,5287
71,145,4,5291
70,145,4,5295
70,145,2,5297
70,145,4,5301
70,145,12,5313
70,145,12,5325
70,145,3,5328
70,145,6,5334
71,145,3,5337
71,145,5,5342
71,145,4,5346
71,145,4,5350
71,145,3,5353
71,145,2,5355
71,145,5,5360
71,145,2,5362
71,145,4,5366
71,145,4,5370
70,145,2,5372
70,145,3,5375
70,145,5,5380
70,145,2,5382
70,145,4,5386
70,145,3,5389
70,145,3,5392
70,145,3,5395
70,145,4,5399
70,145,2,5401
70,145,4,5405
70,145,3,5408
70,145,4,5412
70,145,3,5415
70,145,4,5419
70,145,2,5421
70,145,11,5432
70,145,7,5439
70,145,4,5443
70,145,2,5445
70,145,5,5450
70,145,2,5452
70,145,4,5456
69,145,3,5459
69,145,3,5462
69,145,3,5465
69,145,4,5469
69,145,2,5471
69,145,10,5481
68,145,2,5483
68,145,3,5486
68,145,5,5491
67,145,2,5493
67,145,4,5497
67,145,2,5499
67,145,4,5503
67,145,4,5507
67,145,4,5511
67,145,2,5513
66,145,5,5518
66,145,2,5520
66,145,7,5527
65,145,4,5531
65,145,4,5535
65,145,4,5539
65,145,3,5542
65,145,5,5547
65,145,2,5549
65,145,3,5552
65,145,4,5556
65,145,3,5559
64,145,3,5562
64,145,4,5566
64,145,3,5569
64,145,3,5572
64,145,3,5575
64,145,3,5578
64,145,3,5581
63,145,5,5586
63,145,2,5588
63,145,4,5592
63,145,4,5596
63,145,2,5598
63,145,3,5601
63,145,5,5606
63,145,3,5609
63,145,3,5612
63,145,4,5616
63,145,2,5618
63,145,2,5620
63,145,4,5624
63,145,3,5627
63,145,3,5630
63,145,5,5635
63,145,4,5639
63,145,3,5642
63,145,5,5647
63,145,2,5649
63,145,3,5652
63,145,3,5655
63,145,2,5657
63,145,4,5661
63,145,3,5664
63,145,4,5668
63,145,3,5671
63,145,4,5675
63,145,2,5677
63,145,2,5679
63,145,3,5682
63,145,3,5685
63,145,3,5688
63,145,3,5691
63,145,5,5696
63,145,4,5700
63,145,5,5705
63,145,3,5708
63,145,3,5711
63,145,4,5715
63,145,2,5717
63,145,4,5721
63,145,4,5725
63,145,4,5729
63,145,5,5734
63,145,3,5737
63,145,3,5740
63,145,4,5744
63,145,3,5747
63,145,3,5750
63,145,3,5753
63,145,2,5755
63,145,4,5759
63,145,3,5762
63,145,4,5766
63,145,3,5769
63,145,4,5773
63,145,2,5775
63,145,3,5778
63,145,2,5780
63,145,4,5784
63,145,2,5786
63,145,6,5792
63,145,3,5795
63,145,2,5797
63,145,4,5801
63,145,3,5804
63,145,2,5806
63,145,4,5810
64,145,3,5813
64,145,3,5816
64,145,2,5818
64,145,4,5822
64,145,2,5824
65,145,5,5829
65,145,3,5832
65,145,4,5836
65,145,3,5839
65,145,4,5843
65,145,3,5846
65,145,4,5850
65,145,3,5853
66,145,4,5857
66,145,4,5861
66,145,3,5864
67,145,8,5872
67,145,3,5875
67,145,3,5878
67,145,4,5882
67,145,2,5884
67,145,4,5888
67,145,3,5891
68,145,5,5896
68,145,3,5899
68,145,3,5902
68,145,2,5904
68,145,2,5906
69,145,5,5911
69,145,3,5914
69,145,4,5918
69,145,4,5922
69,145,3,5925
69,145,3,5928
69,145,4,5932
69,145,2,5934
69,145,5,5939
69,145,3,5942
69,145,3,5945
69,145,3,5948
69,145,4,5952
70,145,3,5955
70,145,4,5959
70,145,4,5963
70,145,3,5966
70,145,3,5969
70,145,3,5972
70,145,3,5975
70,145,3,5978
70,145,3,5981
70,145,3,5984
71,145,4,5988
71,145,4,5992
71,145,3,5995
71,145,3,5998
71,145,4,6002
71,145,2,6004
71,145,4,6008
71,145,3,6011
71,145,3,6014
71,145,4,6018
71,145,4,6022
71,145,4,6026
71,145,5,6031
71,145,5,6036
71,145,3,6039
71,145,3,6042
71,145,4,6046
71,145,3,6049
71,145,4,6053
71,145,4,6057
71,145,2,6059
71,145,3,6062
71,145,4,6066
71,145,3,6069
70,145,5,6074
70,145,2,6076
70,145,5,6081
70,145,2,6083
70,145,4,6087
70,145,4,6091
70,145,3,6094
70,145,3,6097
70,145,5,6102
70,145,2,6104
70,145,4,6108
70,145,4,6112
71,145,3,6115
71,145,3,6118
71,145,4,6122
71,145,4,6126
71,145,2,6128
71,145,4,6132
71,145,5,6137
71,145,2,6139
71,145,5,6144
71,145,5,6149
70,145,4,6153
70,145,4,6157
70,145,4,6161
70,145,3,6164
70,145,2,6166
70,145,5,6171
70,145,2,6173
70,145,3,6176
70,145,4,6180
70,145,3,6183
70,145,3,6186
70,145,5,6191
70,145,2,6193
70,145,2,6195
70,145,5,6200
70,145,2,6202
70,145,4,6206
70,145,3,6209
70,145,3,6212
70,145,3,6215
70,145,6,6221
69,145,4,6225
69,145,4,6229
69,145,3,6232
69,145,5,6237
69,145,3,6240
69,145,5,6245
68,145,4,6249
68,145,3,6252
67,145,3,6255
67,145,2,6257
67,145,6,6263
67,145,7,6270
66,145,3,6273
66,145,3,6276
66,145,4,6280
66,145,3,6283
65,145,5,6288
65,145,3,6291
65,145,3,6294
65,145,4,6298
65,145,3,6301
65,145,3,6304
64,145,4,6308
64,145,2,6310
64,145,4,6314
64,145,4,6318
63,145,4,6322
63,145,3,6325
63,145,3,6328
63,145,2,6330
63,145,4,6334
63,145,4,6338
63,145,4,6342
63,145,6,6348
62,145,4,6352
62,145,2,6354
62,145,4,6358
62,145,3,6361
62,145,3,6364
62,145,4,6368
61,145,3,6371
61,145,3,6374
61,145,4,6378
61,145,5,6383
61,145,2,6385
61,145,5,6390
61,145,3,6393
61,145,2,6395
61,145,6,6401
61,145,5,6406
61,145,2,6408
61,145,4,6412
61,145,4,6416
61,145,4,6420
61,145,3,6423
61,145,5,6428
61,145,13,6441
61,145,5,6446
61,145,4,6450
61,145,2,6452
61,145,5,6457
61,145,2,6459
61,145,5,6464
61,145,3,6467
61,145,3,6470
61,145,2,6472
61,145,5,6477
61,145,4,6481
61,145,3,6484
61,145,3,6487
61,145,4,6491
61,145,4,6495
62,145,2,6497
62,145,4,6501
62,145,3,6504
62,145,3,6507
62,145,3,6510
63,145,4,6514
63,145,2,6516
63,145,4,6520
63,145,3,6523
63,145,3,6526
63,145,2,6528
63,145,5,6533
64,145,3,6536
64,145,4,6540
64,145,7,6547
65,145,2,6549
65,145,4,6553
65,145,3,6556
65,145,3,6559
65,145,4,6563
65,145,2,6565
65,145,4,6569
65,145,3,6572
66,145,5,6577
66,145,3,6580
66,145,4,6584
66,145,2,6586
66,145,6,6592
67,145,2,6594
67,145,3,6597
67,145,2,6599
67,145,3,6602
67,145,3,6605
67,145,4,6609
67,145,3,6612
67,145,5,6617
67,145,2,6619
67,145,5,6624
67,145,3,6627
68,145,4,6631
68,145,3,6634
68,145,4,6638
68,145,4,6642
68,145,3,6645
68,145,6,6651
68,145,3,6654
69,145,3,6657
69,145,7,6664
69,145,4,6668
69,145,3,6671
69,145,4,6675
69,145,2,6677
69,145,4,6681
69,145,2,6683
69,145,2,6685
69,145,3,6688
69,145,3,6691
69,145,3,6694
69,145,4,6698
69,145,4,6702
69,145,4,6706
69,145,2,6708
69,145,4,6712
69,145,3,6715
69,145,5,6720
69,145,2,6722
69,145,3,6725
69,145,4,6729
69,145,3,6732
69,145,3,6735
69,145,4,6739
69,145,3,6742
69,145,4,6746
69,145,5,6751
69,145,2,6753
69,145,5,6758
69,145,3,6761
69,145,4,6765
69,145,4,6769
69,145,3,6772
69,145,3,6775
69,145,3,6778
69,145,2,6780
69,145,3,6783
69,145,2,6785
69,145,4,6789
69,145,2,6791
69,145,5,6796
69,145,3,6799
69,145,4,6803
69,145,4,6807
69,145,3,6810
69,145,3,6813
69,145,4,6817
69,145,2,6819
69,145,4,6823
69,145,4,6827
69,145,4,6831
69,145,3,6834
69,145,4,6838
69,145,3,6841
69,145,6,6847
69,145,4,6851
69,145,2,6853
69,145,3,6856
69,145,3,6859
69,145,3,6862
69,145,4,6866
69,145,3,6869
69,145,3,6872
69,145,4,6876
69,145,3,6879
69,145,3,6882
69,145,3,6885
69,145,4,6889
69,145,3,6892
69,145,4,6896
69,145,2,6898
69,145,4,6902
69,145,4,6906
69,145,3,6909
69,145,3,6912
69,145,4,6916
69,145,2,6918
69,145,4,6922
69,145,4,6926
69,145,4,6930
69,145,2,6932
69,145,6,6938
69,145,2,6940
69,145,4,6944
69,145,3,6947
69,145,4,6951
69,145,3,6954
69,145,3,6957
69,145,3,6960
69,145,5,6965
69,145,2,6967
69,145,3,6970
69,145,3,6973
69,145,3,6976
69,145,3,6979
69,145,4,6983
69,145,3,6986
69,145,4,6990
69,145,4,6994
69,145,3,6997
69,145,3,7000
69,145,4,7004
69,145,3,7007
69,145,3,7010
69,145,3,7013
69,145,4,7017
69,145,3,7020
69,145,4,7024
69,145,5,7029
69,145,2,7031
69,145,5,7036
69,145,3,7039
68,145,5,7044
68,145,4,7048
68,145,8,7056
67,145,4,7060
67,145,4,7064
67,145,3,7067
67,145,3,7070
67,145,4,7074
67,145,2,7076
67,145,4,7080
67,145,5,7085
66,145,2,7087
66,145,4,7091
66,145,5,7096
66,145,3,7099
65,145,4,7103
65,145,3,7106
65,145,3,7109
65,145,3,7112
65,145,3,7115
65,145,3,7118
65,145,4,7122
65,145,4,7126
65,145,3,7129
65,145,3,7132
64,145,5,7137
64,145,3,7140
64,145,3,7143
64,145,3,7146
64,145,4,7150
64,145,5,7155
64,145,4,7159
63,145,3,7162
63,145,3,7165
63,145,3,7168
63,145,4,7172
63,145,3,7175
63,145,3,7178
63,145,2,7180
63,145,5,7185
63,145,2,7187
63,145,5,7192
63,145,3,7195
63,145,3,7198
63,145,4,7202
63,145,4,7206
63,145,2,7208
63,145,4,7212
63,145,2,7214
63,145,4,7218
63,145,4,7222
63,145,4,7226
63,145,3,7229
63,145,3,7232
63,145,4,7236
63,145,3,7239
63,145,5,7244
63,145,2,7246
63,145,7,7253
63,145,4,7257
63,145,3,7260
63,145,3,7263
63,145,3,7266
63,145,4,7270
63,145,3,7273
63,145,3,7276
63,145,2,7278
63,145,4,7282
63,145,4,7286
63,145,3,7289
63,145,2,7291
63,145,3,7294
63,145,5,7299
63,145,3,7302
63,145,3,7305
63,145,5,7310
63,145,2,7312
63,145,3,7315
63,145,5,7320
63,145,2,7322
63,145,3,7325
63,145,4,7329
63,145,3,7332
63,145,3,7335
63,145,3,7338
63,145,5,7343
63,145,6,7349
63,145,4,7353
63,145,2,7355
63,145,3,7358
64,145,2,7360
64,145,4,7364
64,145,4,7368
64,145,2,7370
64,145,4,7374
65,145,3,7377
65,145,4,7381
65,145,3,7384
65,145,4,7388
65,145,2,7390
65,145,4,7394
65,145,3,7397
66,145,4,7401
66,145,3,7404
66,145,4,7408
67,145,2,7410
67,145,4,7414
67,145,3,7417
67,145,3,7420
67,145,3,7423
67,145,5,7428
67,145,2,7430
68,145,3,7433
68,145,3,7436
69,145,19,7455
69,145,5,7460
69,145,2,7462
69,145,4,7466
69,145,3,7469
70,145,3,7472
70,145,3,7475
70,145,4,7479
70,145,3,7482
70,145,3,7485
70,145,3,7488
71,145,3,7491
71,145,3,7494
