63,90,12,12
63,90,10,22
63,90,5,27
63,90,8,35
63,90,7,42
63,90,6,48
63,90,9,57
63,90,7,64
63,90,6,70
63,90,7,77
63,90,10,87
62,90,7,94
62,90,4,98
62,90,5,103
62,90,6,109
62,90,5,114
62,90,7,121
62,90,8,129
61,90,8,137
61,90,6,143
61,90,6,149
61,90,7,156
60,90,14,170
60,90,6,176
60,90,3,179
60,90,9,188
60,90,5,193
60,90,4,197
60,90,3,200
60,90,3,203
60,90,4,207
60,90,2,209
60,90,4,213
60,90,3,216
60,90,4,220
59,90,3,223
59,90,4,227
59,90,2,229
59,90,4,233
59,90,3,236
59,90,5,241
59,90,2,243
59,90,4,247
59,90,2,249
59,90,4,253
59,90,3,256
59,90,4,260
60,90,3,263
60,90,5,268
60,90,3,271
60,90,5,276
60,90,2,278
60,90,4,282
60,90,5,287
60,90,10,297
60,90,2,299
59,90,2,301
59,90,4,305
59,90,3,308
59,90,3,311
59,90,3,314
59,90,4,318
59,90,3,321
59,90,4,325
59,90,2,327
59,90,4,331
59,90,3,334
59,90,5,339
59,90,3,342
59,90,4,346
59,90,3,349
60,90,6,355
60,90,2,357
60,90,2,359
60,90,3,362
60,90,5,367
60,90,3,370
59,90,4,374
59,90,3,377
59,90,4,381
59,90,4,385
59,90,5,390
59,90,3,393
59,90,3,396
59,90,3,399
59,90,4,403
59,90,3,406
59,90,3,409
59,90,3,412
59,90,4,416
59,90,4,420
59,90,3,423
59,90,3,426
59,90,2,428
59,90,3,431
59,90,5,436
59,90,3,439
59,90,5,444
59,90,2,446
59,90,4,450
59,90,3,453
59,90,4,457
59,90,3,460
59,90,4,464
59,90,2,466
59,90,4,470
59,90,4,474
59,90,3,477
59,90,3,480
59,90,4,484
59,90,3,487
59,90,6,493
59,90,4,497
59,90,3,500
59,90,4,504
59,90,2,506
59,90,4,510
59,90,4,514
59,90,3,517
59,90,3,520
59,90,4,524
59,90,2,526
59,90,4,530
59,90,4,534
59,90,3,537
59,90,3,540
59,90,6,546
59,90,2,548
59,90,5,553
59,90,3,556
59,90,4,560
59,90,3,563
59,90,4,567
59,90,3,570
59,90,4,574
59,90,4,578
59,90,3,581
59,90,3,584
59,90,3,587
59,90,6,593
59,90,6,599
59,90,4,603
59,90,3,606
59,90,4,610
59,90,3,613
59,90,4,617
59,90,3,620
59,90,4,624
59,90,2,626
59,90,2,628
59,90,2,630
59,90,4,634
59,90,3,637
59,90,3,640
59,90,6,646
59,90,3,649
59,90,2,651
59,90,4,655
59,90,3,658
59,90,4,662
59,90,3,665
59,90,4,669
59,90,4,673
59,90,3,676
59,90,3,679
59,90,3,682
59,90,3,685
59,90,10,695
59,90,5,700
59,90,3,703
59,90,3,706
59,90,3,709
59,90,4,713
59,90,2,715
59,90,4,719
59,90,3,722
59,90,4,726
59,90,3,729
59,90,5,734
59,90,5,739
60,90,4,743
60,90,4,747
60,90,3,750
60,90,5,755
60,90,2,757
60,90,5,762
60,90,3,765
60,90,4,769
60,90,4,773
60,90,4,777
60,90,3,780
60,90,4,784
60,90,3,787
60,90,3,790
60,90,3,793
60,90,4,797
60,90,2,799
60,90,4,803
60,90,3,806
60,90,3,809
60,90,4,813
60,90,3,816
60,90,4,820
60,90,3,823
60,90,2,825
60,90,4,829
60,90,3,832
60,90,4,836
60,90,3,839
60,90,4,843
61,90,3,846
61,90,4,850
61,90,3,853
61,90,3,856
61,90,3,859
62,90,4,863
62,90,2,865
62,90,4,869
62,90,5,874
62,90,3,877
62,90,5,882
62,90,3,885
62,90,3,888
62,90,3,891
62,90,6,897
63,90,7,904
63,90,9,913
63,90,4,917
63,90,3,920
64,90,3,923
64,90,3,926
64,90,5,931
64,90,3,934
64,90,5,939
64,90,3,942
64,90,5,947
64,90,4,951
64,90,3,954
64,90,2,956
64,90,4,960
64,90,3,963
64,90,4,967
64,90,5,972
64,90,2,974
64,90,2,976
64,90,5,981
64,90,9,990
64,90,5,995
64,90,4,999
64,90,2,1001
64,90,5,1006
64,90,3,1009
64,90,2,1011
64,90,15,1026
64,90,6,1032
64,90,5,1037
64,90,2,1039
64,90,5,1044
64,90,3,1047
64,90,3,1050
64,90,3,1053
64,90,4,1057
64,90,4,1061
64,90,3,1064
64,90,3,1067
64,90,2,1069
64,90,4,1073
64,90,3,1076
64,90,4,1080
64,90,7,1087
64,90,4,1091
64,90,5,1096
64,90,3,1099
64,90,3,1102
64,90,5,1107
64,90,2,1109
64,90,4,1113
64,90,3,1116
64,90,4,1120
64,90,3,1123
64,90,4,1127
64,90,3,1130
64,90,5,1135
64,90,5,1140
64,90,3,1143
64,90,3,1146
64,90,3,1149
64,90,4,1153
64,90,3,1156
64,90,4,1160
64,90,3,1163
64,90,3,1166
64,90,3,1169
64,90,5,1174
64,90,2,1176
64,90,4,1180
64,90,3,1183
64,90,3,1186
64,90,7,1193
64,90,3,1196
64,90,3,1199
64,90,3,1202
64,90,3,1205
64,90,2,1207
64,90,5,1212
64,90,3,1215
64,90,4,1219
64,90,3,1222
64,90,4,1226
64,90,3,1229
64,90,4,1233
64,90,4,1237
64,90,4,1241
64,90,3,1244
64,90,2,1246
64,90,2,1248
64,90,4,1252
64,90,2,1254
64,90,4,1258
64,90,3,1261
64,90,3,1264
64,90,3,1267
64,90,4,1271
64,90,3,1274
64,90,4,1278
64,90,3,1281
64,90,4,1285
64,90,2,1287
64,90,6,1293
64,90,4,1297
64,90,6,1303
64,90,3,1306
64,90,2,1308
64,90,5,1313
64,90,3,1316
64,90,4,1320
64,90,4,1324
64,90,3,1327
64,90,3,1330
64,90,4,1334
64,90,3,1337
64,90,4,1341
64,90,3,1344
64,90,3,1347
64,90,4,1351
64,90,3,1354
64,90,3,1357
64,90,4,1361
64,90,3,1364
64,90,3,1367
64,90,3,1370
64,90,4,1374
64,90,3,1377
64,90,4,1381
64,90,3,1384
64,90,4,1388
64,90,4,1392
64,90,5,1397
64,90,4,1401
64,90,4,1405
64,90,2,1407
64,90,4,1411
64,90,2,1413
64,90,2,1415
63,90,5,1420
63,90,4,1424
63,90,3,1427
62,90,3,1430
62,90,4,1434
62,90,3,1437
62,90,4,1441
62,90,3,1444
62,90,2,1446
62,90,4,1450
61,90,4,1454
61,90,2,1456
61,90,4,1460
61,90,2,1462
60,90,4,1466
60,90,3,1469
60,90,4,1473
60,90,8,1481
60,90,3,1484
60,90,4,1488
59,90,4,1492
59,90,3,1495
59,90,5,1500
59,90,4,1504
58,90,4,1508
58,90,3,1511
58,90,3,1514
58,90,4,1518
58,90,4,1522
58,90,2,1524
58,90,3,1527
58,90,3,1530
58,90,3,1533
58,90,4,1537
58,90,3,1540
58,90,4,1544
58,90,3,1547
58,90,3,1550
58,90,2,1552
58,90,4,1556
57,90,2,1558
57,90,4,1562
57,90,3,1565
57,90,3,1568
57,90,4,1572
57,90,4,1576
57,90,3,1579
57,90,4,1583
57,90,4,1587
57,90,3,1590
57,90,4,1594
56,90,5,1599
56,90,2,1601
56,90,5,1606
56,90,3,1609
56,90,3,1612
57,90,4,1616
57,90,2,1618
57,90,4,1622
57,90,3,1625
57,90,3,1628
57,90,3,1631
57,90,4,1635
57,90,3,1638
57,90,5,1643
57,90,3,1646
57,90,3,1649
57,90,3,1652
57,90,4,1656
57,90,2,1658
57,90,4,1662
57,90,3,1665
57,90,3,1668
57,90,2,1670
57,90,4,1674
57,90,3,1677
57,90,4,1681
57,90,4,1685
57,90,3,1688
57,90,4,1692
57,90,5,1697
57,90,2,1699
57,90,3,1702
57,90,5,1707
57,90,4,1711
57,90,3,1714
57,90,2,1716
57,90,4,1720
57,90,3,1723
57,90,3,1726
57,90,3,1729
57,90,4,1733
57,90,3,1736
57,90,4,1740
57,90,4,1744
57,90,3,1747
57,90,3,1750
57,90,4,1754
57,90,2,1756
57,90,2,1758
57,90,3,1761
57,90,3,1764
57,90,3,1767
57,90,3,1770
57,90,4,1774
57,90,4,1778
57,90,3,1781
57,90,3,1784
57,90,2,1786
57,90,3,1789
57,90,5,1794
57,90,2,1796
57,90,4,1800
57,90,3,1803
57,90,4,1807
57,90,3,1810
57,90,4,1814
57,90,2,1816
57,90,4,1820
57,90,4,1824
57,90,3,1827
57,90,3,1830
57,90,4,1834
57,90,2,1836
57,90,4,1840
57,90,4,1844
57,90,3,1847
57,90,3,1850
57,90,4,1854
57,90,3,1857
57,90,3,1860
57,90,4,1864
57,90,3,1867
57,90,3,1870
57,90,9,1879
57,90,4,1883
57,90,3,1886
57,90,2,1888
57,90,5,1893
57,90,3,1896
57,90,3,1899
57,90,4,1903
57,90,11,1914
57,90,4,1918
57,90,4,1922
57,90,3,1925
57,90,3,1928
57,90,5,1933
57,90,2,1935
57,90,4,1939
57,90,4,1943
57,90,4,1947
57,90,3,1950
57,90,5,1955
57,90,2,1957
57,90,3,1960
57,90,6,1966
57,90,6,1972
57,90,3,1975
57,90,4,1979
57,90,4,1983
57,90,3,1986
57,90,4,1990
57,90,3,1993
57,90,4,1997
57,90,2,1999
57,90,6,2005
57,90,2,2007
57,90,5,2012
57,90,4,2016
57,90,2,2018
58,90,3,2021
58,90,4,2025
58,90,3,2028
58,90,4,2032
58,90,3,2035
58,90,4,2039
58,90,4,2043
58,90,5,2048
58,90,2,2050
58,90,5,2055
59,90,3,2058
59,90,5,2063
59,90,2,2065
59,90,4,2069
60,90,4,2073
60,90,3,2076
60,90,4,2080
60,90,5,2085
60,90,3,2088
60,90,4,2092
60,90,3,2095
61,90,3,2098
61,90,4,2102
61,90,4,2106
61,90,3,2109
62,90,5,2114
62,90,3,2117
62,90,3,2120
62,90,3,2123
62,90,3,2126
62,90,4,2130
62,90,3,2133
62,90,3,2136
62,90,3,2139
62,90,3,2142
62,90,5,2147
62,90,3,2150
63,90,4,2154
63,90,2,2156
63,90,4,2160
63,90,4,2164
63,90,4,2168
63,90,5,2173
63,90,3,2176
63,90,3,2179
64,90,4,2183
64,90,3,2186
64,90,3,2189
64,90,4,2193
64,90,4,2197
64,90,3,2200
64,90,5,2205
64,90,2,2207
64,90,3,2210
64,90,3,2213
64,90,5,2218
64,90,4,2222
64,90,3,2225
64,90,3,2228
63,90,5,2233
63,90,4,2237
63,90,2,2239
63,90,4,2243
63,90,2,2245
63,90,4,2249
63,90,4,2253
63,90,2,2255
63,90,4,2259
63,90,3,2262
63,90,3,2265
63,90,3,2268
63,90,4,2272
63,90,6,2278
63,90,4,2282
63,90,2,2284
63,90,4,2288
63,90,3,2291
63,90,5,2296
63,90,3,2299
63,90,3,2302
63,90,2,2304
63,90,4,2308
63,90,4,2312
63,90,4,2316
63,90,2,2318
63,90,4,2322
63,90,2,2324
63,90,3,2327
63,90,2,2329
63,90,5,2334
63,90,2,2336
63,90,5,2341
63,90,3,2344
63,90,4,2348
63,90,4,2352
63,90,3,2355
63,90,3,2358
63,90,4,2362
63,90,2,2364
63,90,4,2368
63,90,3,2371
63,90,3,2374
63,90,4,2378
63,90,4,2382
63,90,2,2384
63,90,4,2388
63,90,3,2391
63,90,4,2395
63,90,3,2398
63,90,4,2402
63,90,2,2404
63,90,4,2408
63,90,5,2413
63,90,4,2417
63,90,4,2421
63,90,3,2424
63,90,2,2426
63,90,6,2432
63,90,2,2434
63,90,4,2438
63,90,3,2441
63,90,3,2444
63,90,3,2447
63,90,5,2452
63,90,2,2454
63,90,4,2458
63,90,3,2461
63,90,5,2466
63,90,3,2469
63,90,3,2472
63,90,2,2474
63,90,4,2478
63,90,4,2482
63,90,3,2485
63,90,3,2488
63,90,4,2492
63,90,2,2494
63,90,4,2498
63,90,3,2501
63,90,3,2504
63,90,3,2507
63,90,4,2511
63,90,4,2515
63,90,3,2518
63,90,4,2522
63,90,3,2525
63,90,4,2529
63,90,3,2532
63,90,3,2535
63,90,3,2538
63,90,4,2542
63,90,2,2544
63,90,3,2547
63,90,4,2551
63,90,2,2553
63,90,3,2556
63,90,5,2561
63,90,2,2563
63,90,4,2567
63,90,4,2571
63,90,3,2574
63,90,3,2577
63,90,4,2581
63,90,2,2583
63,90,4,2587
63,90,4,2591
63,90,4,2595
63,90,3,2598
63,90,5,2603
63,90,3,2606
63,90,5,2611
63,90,2,2613
63,90,5,2618
63,90,6,2624
63,90,3,2627
63,90,3,2630
63,90,3,2633
63,90,3,2636
63,90,2,2638
63,90,5,2643
63,90,3,2646
63,90,5,2651
63,90,3,2654
63,90,3,2657
63,90,5,2662
63,90,3,2665
63,90,3,2668
63,90,3,2671
63,90,7,2678
63,90,5,2683
63,90,3,2686
63,90,2,2688
63,90,5,2693
63,90,4,2697
63,90,5,2702
63,90,3,2705
63,90,3,2708
63,90,5,2713
63,90,2,2715
63,90,6,2721
63,90,3,2724
63,90,3,2727
63,90,4,2731
63,90,2,2733
63,90,4,2737
63,90,3,2740
63,90,3,2743
63,90,3,2746
63,90,4,2750
63,90,4,2754
63,90,3,2757
63,90,4,2761
63,90,4,2765
63,90,2,2767
63,90,3,2770
63,90,3,2773
63,90,3,2776
63,90,2,2778
63,90,3,2781
63,90,4,2785
63,90,2,2787
63,90,5,2792
63,90,2,2794
63,90,5,2799
63,90,4,2803
63,90,4,2807
63,90,3,2810
63,90,3,2813
63,90,3,2816
63,90,4,2820
63,90,3,2823
63,90,5,2828
63,90,3,2831
63,90,3,2834
63,90,2,2836
63,90,4,2840
63,90,2,2842
63,90,3,2845
63,90,3,2848
62,90,4,2852
62,90,4,2856
62,90,10,2866
62,90,3,2869
62,90,5,2874
62,90,4,2878
62,90,6,2884
61,90,10,2894
61,90,3,2897
60,90,10,2907
60,90,3,2910
60,90,6,2916
60,90,10,2926
60,90,4,2930
59,90,17,2947
59,90,9,2956
59,90,24,2980
59,90,7,2987
59,90,6,2993
59,90,9,3002
59,90,7,3009
59,90,2,3011
60,90,8,3019
60,90,7,3026
60,90,5,3031
60,90,5,3036
60,90,12,3048
60,90,14,3062
60,90,5,3067
60,90,12,3079
60,90,7,3086
59,90,8,3094
59,90,7,3101
59,90,8,3109
59,90,6,3115
59,90,7,3122
59,90,9,3131
59,90,5,3136
60,90,6,3142
60,90,4,3146
60,90,11,3157
60,90,4,3161
60,90,4,3165
59,90,7,3172
59,90,3,3175
59,90,6,3181
59,90,7,3188
59,90,7,3195
59,90,9,3204
59,90,7,3211
60,90,9,3220
60,90,6,3226
60,90,8,3234
59,90,5,3239
59,90,5,3244
59,90,3,3247
59,90,4,3251
59,90,3,3254
59,90,4,3258
59,90,4,3262
59,90,5,3267
59,90,3,3270
59,90,4,3274
59,90,5,3279
59,90,2,3281
59,90,3,3284
59,90,3,3287
59,90,4,3291
59,90,3,3294
59,90,3,3297
59,90,3,3300
59,90,4,3304
59,90,4,3308
59,90,5,3313
59,90,3,3316
59,90,4,3320
59,90,4,3324
59,90,3,3327
59,90,3,3330
59,90,5,3335
59,90,2,3337
59,90,5,3342
59,90,3,3345
59,90,2,3347
59,90,3,3350
59,90,3,3353
59,90,3,3356
59,90,4,3360
59,90,3,3363
59,90,4,3367
59,90,3,3370
59,90,4,3374
59,90,3,3377
59,90,6,3383
59,90,3,3386
59,90,3,3389
59,90,4,3393
59,90,2,3395
59,90,3,3398
59,90,4,3402
59,90,2,3404
59,90,3,3407
59,90,5,3412
59,90,2,3414
59,90,3,3417
59,90,4,3421
59,90,5,3426
59,90,3,3429
59,90,5,3434
59,90,3,3437
59,90,5,3442
59,90,3,3445
59,90,2,3447
60,90,4,3451
60,90,3,3454
60,90,3,3457
60,90,4,3461
60,90,3,3464
60,90,7,3471
60,90,4,3475
60,90,2,3477
60,90,6,3483
60,90,3,3486
60,90,4,3490
60,90,4,3494
60,90,3,3497
60,90,4,3501
60,90,4,3505
60,90,6,3511
60,90,3,3514
60,90,3,3517
60,90,4,3521
60,90,2,3523
60,90,4,3527
60,90,4,3531
60,90,5,3536
60,90,2,3538
60,90,6,3544
60,90,3,3547
60,90,4,3551
60,90,4,3555
60,90,2,3557
60,90,4,3561
60,90,2,3563
60,90,3,3566
60,90,5,3571
60,90,3,3574
60,90,3,3577
60,90,4,3581
60,90,3,3584
60,90,3,3587
60,90,4,3591
61,90,3,3594
61,90,3,3597
61,90,4,3601
61,90,2,3603
62,90,5,3608
62,90,5,3613
62,90,2,3615
62,90,3,3618
62,90,5,3623
62,90,3,3626
62,90,2,3628
62,90,5,3633
62,90,4,3637
63,90,4,3641
63,90,3,3644
63,90,3,3647
63,90,4,3651
63,90,3,3654
63,90,4,3658
64,90,3,3661
64,90,3,3664
64,90,3,3667
64,90,4,3671
64,90,3,3674
64,90,4,3678
64,90,3,3681
64,90,3,3684
64,90,3,3687
64,90,4,3691
64,90,2,3693
64,90,4,3697
64,90,4,3701
64,90,3,3704
64,90,3,3707
65,90,8,3715
65,90,3,3718
65,90,3,3721
65,90,3,3724
65,90,3,3727
65,90,5,3732
65,90,4,3736
65,90,5,3741
65,90,3,3744
65,90,3,3747
65,90,11,3758
65,90,8,3766
65,90,3,3769
64,90,6,3775
64,90,7,3782
64,90,7,3789
64,90,5,3794
64,90,6,3800
64,90,4,3804
64,90,4,3808
64,90,5,3813
64,90,3,3816
64,90,5,3821
64,90,4,3825
64,90,4,3829
64,90,6,3835
64,90,6,3841
64,90,3,3844
64,90,4,3848
64,90,3,3851
64,90,3,3854
64,90,4,3858
64,90,3,3861
64,90,4,3865
64,90,9,3874
64,90,4,3878
64,90,2,3880
64,90,3,3883
64,90,3,3886
64,90,4,3890
64,90,2,3892
64,90,5,3897
64,90,2,3899
64,90,4,3903
64,90,3,3906
64,90,6,3912
64,90,4,3916
64,90,2,3918
64,90,4,3922
64,90,3,3925
64,90,4,3929
64,90,4,3933
64,90,3,3936
64,90,4,3940
64,90,3,3943
64,90,3,3946
64,90,3,3949
64,90,3,3952
64,90,4,3956
64,90,4,3960
64,90,3,3963
64,90,3,3966
64,90,3,3969
64,90,4,3973
64,90,5,3978
64,90,2,3980
64,90,3,3983
64,90,5,3988
64,90,3,3991
64,90,4,3995
64,90,4,3999
64,90,3,4002
64,90,3,4005
64,90,5,4010
64,90,2,4012
64,90,15,4027
64,90,6,4033
64,90,5,4038
64,90,5,4043
64,90,3,4046
64,90,3,4049
64,90,3,4052
64,90,4,4056
64,90,2,4058
64,90,4,4062
64,90,4,4066
64,90,3,4069
64,90,3,4072
64,90,4,4076
64,90,2,4078
64,90,4,4082
64,90,3,4085
64,90,3,4088
64,90,3,4091
64,90,5,4096
64,90,3,4099
64,90,3,4102
64,90,3,4105
64,90,4,4109
64,90,3,4112
64,90,6,4118
64,90,4,4122
64,90,3,4125
64,90,4,4129
64,90,3,4132
64,90,5,4137
64,90,3,4140
64,90,6,4146
64,90,3,4149
64,90,3,4152
64,90,4,4156
64,90,2,4158
64,90,4,4162
64,90,3,4165
64,90,3,4168
64,90,3,4171
63,90,4,4175
63,90,2,4177
63,90,4,4181
63,90,3,4184
63,90,3,4187
62,90,4,4191
62,90,4,4195
62,90,2,4197
62,90,4,4201
62,90,3,4204
62,90,3,4207
61,90,3,4210
61,90,7,4217
61,90,4,4221
60,90,4,4225
60,90,4,4229
60,90,4,4233
60,90,4,4237
60,90,3,4240
60,90,5,4245
60,90,3,4248
59,90,3,4251
59,90,4,4255
59,90,3,4258
59,90,3,4261
58,90,10,4271
58,90,3,4274
58,90,4,4278
58,90,3,4281
58,90,4,4285
58,90,2,4287
58,90,4,4291
58,90,4,4295
58,90,3,4298
58,90,3,4301
58,90,4,4305
58,90,2,4307
58,90,3,4310
58,90,6,4316
57,90,3,4319
57,90,5,4324
57,90,4,4328
57,90,3,4331
57,90,4,4335
57,90,2,4337
57,90,4,4341
57,90,3,4344
57,90,4,4348
57,90,2,4350
56,90,4,4354
56,90,2,4356
56,90,4,4360
56,90,4,4364
56,90,3,4367
56,90,2,4369
57,90,4,4373
57,90,3,4376
57,90,3,4379
57,90,4,4383
57,90,3,4386
57,90,3,4389
57,90,4,4393
57,90,3,4396
57,90,3,4399
57,90,4,4403
57,90,2,4405
57,90,3,4408
57,90,3,4411
57,90,4,4415
57,90,2,4417
57,90,5,4422
57,90,3,4425
57,90,3,4428
57,90,3,4431
57,90,3,4434
57,90,10,4444
57,90,6,4450
57,90,4,4454
57,90,3,4457
57,90,8,4465
57,90,13,4478
57,90,5,4483
57,90,3,4486
57,90,3,4489
57,90,3,4492
57,90,3,4495
57,90,2,4497
57,90,4,4501
57,90,3,4504
57,90,3,4507
57,90,3,4510
57,90,4,4514
57,90,4,4518
57,90,3,4521
57,90,2,4523
57,90,3,4526
57,90,3,4529
57,90,5,4534
57,90,2,4536
57,90,5,4541
57,90,4,4545
57,90,3,4548
57,90,5,4553
57,90,3,4556
57,90,4,4560
57,90,3,4563
57,90,4,4567
57,90,3,4570
57,90,3,4573
57,90,3,4576
57,90,4,4580
57,90,4,4584
57,90,2,4586
57,90,4,4590
57,90,3,4593
57,90,3,4596
57,90,4,4600
57,90,3,4603
58,90,3,4606
58,90,3,4609
58,90,3,4612
58,90,4,4616
58,90,6,4622
58,90,4,4626
58,90,3,4629
58,90,3,4632
58,90,3,4635
59,90,5,4640
59,90,3,4643
59,90,3,4646
60,90,3,4649
60,90,4,4653
60,90,2,4655
60,90,4,4659
60,90,6,4665
60,90,4,4669
61,90,2,4671
61,90,4,4675
61,90,5,4680
62,90,3,4683
62,90,5,4688
62,90,3,4691
62,90,2,4693
62,90,3,4696
62,90,5,4701
62,90,3,4704
62,90,5,4709
63,90,3,4712
63,90,3,4715
63,90,4,4719
63,90,3,4722
63,90,2,4724
64,90,5,4729
64,90,2,4731
64,90,4,4735
64,90,4,4739
64,90,5,4744
64,90,4,4748
64,90,4,4752
64,90,2,4754
64,90,3,4757
64,90,2,4759
64,90,2,4761
64,90,6,4767
64,90,3,4770
65,90,3,4773
65,90,4,4777
65,90,2,4779
65,90,4,4783
65,90,4,4787
65,90,3,4790
65,90,3,4793
65,90,4,4797
65,90,2,4799
65,90,4,4803
65,90,4,4807
65,90,3,4810
65,90,3,4813
65,90,5,4818
65,90,2,4820
65,90,3,4823
65,90,3,4826
65,90,3,4829
65,90,3,4832
65,90,4,4836
65,90,2,4838
65,90,5,4843
65,90,4,4847
65,90,4,4851
64,90,3,4854
64,90,3,4857
64,90,3,4860
64,90,5,4865
64,90,2,4867
64,90,4,4871
64,90,4,4875
64,90,3,4878
64,90,3,4881
64,90,4,4885
64,90,2,4887
64,90,2,4889
64,90,2,4891
64,90,3,4894
64,90,4,4898
64,90,2,4900
64,90,4,4904
64,90,5,4909
64,90,2,4911
64,90,4,4915
64,90,3,4918
64,90,3,4921
64,90,5,4926
64,90,3,4929
64,90,5,4934
64,90,2,4936
64,90,4,4940
64,90,4,4944
64,90,5,4949
64,90,5,4954
64,90,3,4957
64,90,3,4960
64,90,5,4965
64,90,3,4968
64,90,4,4972
64,90,4,4976
64,90,2,4978
64,90,5,4983
64,90,3,4986
64,90,3,4989
64,90,4,4993
64,90,3,4996
64,90,3,4999
64,90,4,5003
64,90,3,5006
64,90,4,5010
64,90,5,5015
64,90,4,5019
64,90,2,5021
64,90,5,5026
64,90,4,5030
64,90,4,5034
64,90,3,5037
64,90,3,5040
64,90,4,5044
64,90,4,5048
64,90,6,5054
64,90,7,5061
64,90,6,5067
64,90,4,5071
64,90,3,5074
64,90,3,5077
64,90,3,5080
64,90,4,5084
64,90,4,5088
64,90,3,5091
64,90,3,5094
64,90,3,5097
64,90,3,5100
64,90,5,5105
64,90,2,5107
64,90,3,5110
64,90,5,5115
64,90,4,5119
64,90,4,5123
64,90,4,5127
64,90,3,5130
64,90,5,5135
64,90,3,5138
64,90,4,5142
64,90,3,5145
64,90,3,5148
64,90,2,5150
64,90,5,5155
64,90,3,5158
64,90,4,5162
64,90,5,5167
64,90,2,5169
64,90,4,5173
64,90,3,5176
64,90,3,5179
64,90,4,5183
64,90,2,5185
64,90,5,5190
64,90,3,5193
64,90,3,5196
64,90,3,5199
64,90,4,5203
64,90,3,5206
64,90,3,5209
64,90,3,5212
64,90,3,5215
64,90,3,5218
64,90,4,5222
64,90,2,5224
64,90,4,5228
64,90,4,5232
64,90,3,5235
64,90,3,5238
64,90,4,5242
64,90,2,5244
64,90,5,5249
64,90,3,5252
64,90,5,5257
64,90,4,5261
64,90,3,5264
64,90,4,5268
64,90,3,5271
64,90,3,5274
64,90,3,5277
64,90,4,5281
64,90,3,5284
64,90,4,5288
64,90,4,5292
64,90,4,5296
64,90,3,5299
64,90,5,5304
64,90,2,5306
64,90,5,5311
64,90,2,5313
64,90,4,5317
64,90,4,5321
64,90,2,5323
64,90,4,5327
64,90,3,5330
64,90,3,5333
64,90,3,5336
64,90,4,5340
64,90,3,5343
64,90,3,5346
64,90,4,5350
64,90,3,5353
64,90,3,5356
64,90,6,5362
64,90,3,5365
64,90,3,5368
63,90,5,5373
63,90,2,5375
63,90,5,5380
62,90,3,5383
62,90,3,5386
62,90,2,5388
62,90,4,5392
62,90,3,5395
62,90,4,5399
62,90,2,5401
61,90,4,5405
61,90,3,5408
61,90,3,5411
60,90,3,5414
60,90,6,5420
60,90,4,5424
60,90,4,5428
60,90,4,5432
60,90,3,5435
59,90,5,5440
59,90,2,5442
59,90,5,5447
59,90,2,5449
58,90,21,5470
58,90,4,5474
58,90,3,5477
58,90,4,5481
58,90,3,5484
58,90,4,5488
58,90,2,5490
58,90,4,5494
57,90,4,5498
57,90,3,5501
57,90,3,5504
57,90,4,5508
57,90,2,5510
57,90,3,5513
57,90,3,5516
56,90,3,5519
56,90,3,5522
56,90,4,5526
56,90,3,5529
56,90,4,5533
56,90,3,5536
56,90,3,5539
56,90,3,5542
56,90,4,5546
56,90,2,5548
56,90,4,5552
56,90,3,5555
56,90,3,5558
57,90,4,5562
57,90,4,5566
57,90,3,5569
57,90,4,5573
57,90,3,5576
57,90,3,5579
57,90,3,5582
57,90,4,5586
57,90,2,5588
57,90,4,5592
57,90,4,5596
57,90,3,5599
57,90,3,5602
57,90,4,5606
57,90,2,5608
57,90,4,5612
57,90,3,5615
57,90,5,5620
57,90,2,5622
57,90,4,5626
57,90,4,5630
57,90,2,5632
57,90,4,5636
56,90,4,5640
56,90,2,5642
57,90,4,5646
57,90,2,5648
57,90,4,5652
57,90,3,5655
57,90,4,5659
57,90,4,5663
57,90,3,5666
57,90,2,5668
57,90,4,5672
57,90,3,5675
57,90,3,5678
57,90,3,5681
57,90,4,5685
57,90,3,5688
57,90,3,5691
57,90,5,5696
57,90,3,5699
57,90,2,5701
57,90,3,5704
57,90,2,5706
57,90,3,5709
57,90,3,5712
57,90,4,5716
57,90,3,5719
57,90,4,5723
57,90,2,5725
57,90,3,5728
57,90,3,5731
57,90,4,5735
57,90,3,5738
57,90,4,5742
57,90,4,5746
57,90,2,5748
57,90,4,5752
57,90,4,5756
57,90,4,5760
57,90,4,5764
57,90,4,5768
57,90,3,5771
57,90,3,5774
57,90,2,5776
57,90,3,5779
57,90,4,5783
57,90,2,5785
57,90,4,5789
57,90,4,5793
57,90,3,5796
57,90,3,5799
57,90,4,5803
57,90,2,5805
57,90,3,5808
57,90,3,5811
57,90,3,5814
57,90,9,5823
57,90,5,5828
57,90,4,5832
57,90,9,5841
58,90,13,5854
58,90,10,5864
58,90,4,5868
58,90,6,5874
59,90,6,5880
59,90,6,5886
60,90,11,5897
60,90,5,5902
60,90,4,5906
60,90,6,5912
61,90,5,5917
61,90,9,5926
61,90,7,5933
62,90,8,5941
62,90,7,5948
62,90,9,5957
62,90,14,5971
63,90,5,5976
63,90,5,5981
63,90,5,5986
63,90,5,5991
64,90,11,6002
64,90,5,6007
64,90,6,6013
64,90,8,6021
64,90,5,6026
64,90,6,6032
64,90,4,6036
64,90,5,6041
64,90,2,6043
64,90,6,6049
64,90,6,6055
64,90,11,6066
64,90,4,6070
64,90,4,6074
63,90,6,6080
63,90,9,6089
63,90,7,6096
63,90,6,6102
63,90,7,6109
63,90,5,6114
63,90,9,6123
63,90,5,6128
63,90,8,6136
63,90,6,6142
63,90,7,6149
63,90,9,6158
63,90,6,6164
63,90,4,6168
63,90,3,6171
63,90,4,6175
63,90,3,6178
63,90,4,6182
63,90,2,6184
63,90,4,6188
63,90,4,6192
64,90,3,6195
64,90,3,6198
64,90,2,6200
64,90,3,6203
64,90,3,6206
64,90,3,6209
64,90,3,6212
64,90,6,6218
64,90,5,6223
64,90,3,6226
64,90,5,6231
64,90,3,6234
64,90,8,6242
64,90,3,6245
64,90,3,6248
64,90,5,6253
64,90,3,6256
64,90,5,6261
64,90,3,6264
64,90,5,6269
64,90,3,6272
64,90,2,6274
64,90,4,6278
64,90,3,6281
64,90,2,6283
64,90,2,6285
64,90,3,6288
64,90,4,6292
64,90,3,6295
64,90,5,6300
64,90,2,6302
64,90,4,6306
64,90,3,6309
64,90,3,6312
64,90,3,6315
64,90,6,6321
64,90,3,6324
64,90,4,6328
64,90,5,6333
64,90,3,6336
63,90,4,6340
63,90,2,6342
63,90,4,6346
63,90,5,6351
63,90,4,6355
63,90,4,6359
63,90,5,6364
63,90,3,6367
63,90,3,6370
63,90,2,6372
63,90,4,6376
63,90,3,6379
63,90,3,6382
63,90,3,6385
63,90,4,6389
63,90,2,6391
63,90,5,6396
63,90,2,6398
63,90,3,6401
63,90,5,6406
63,90,3,6409
63,90,4,6413
63,90,4,6417
63,90,2,6419
63,90,3,6422
63,90,4,6426
63,90,4,6430
63,90,2,6432
63,90,5,6437
63,90,3,6440
63,90,3,6443
63,90,3,6446
63,90,15,6461
63,90,4,6465
63,90,4,6469
63,90,4,6473
63,90,4,6477
63,90,4,6481
63,90,3,6484
63,90,4,6488
63,90,2,6490
63,90,6,6496
63,90,3,6499
63,90,3,6502
63,90,5,6507
63,90,3,6510
63,90,5,6515
63,90,3,6518
63,90,3,6521
63,90,2,6523
63,90,4,6527
63,90,2,6529
63,90,4,6533
63,90,6,6539
63,90,2,6541
63,90,5,6546
63,90,3,6549
63,90,2,6551
63,90,5,6556
63,90,5,6561
63,90,5,6566
63,90,2,6568
63,90,4,6572
63,90,2,6574
63,90,5,6579
62,90,3,6582
62,90,3,6585
62,90,3,6588
62,90,3,6591
62,90,5,6596
62,90,3,6599
62,90,3,6602
62,90,4,6606
62,90,3,6609
62,90,3,6612
62,90,4,6616
62,90,2,6618
61,90,4,6622
61,90,3,6625
61,90,3,6628
61,90,4,6632
61,90,10,6642
60,90,3,6645
60,90,4,6649
60,90,3,6652
60,90,5,6657
60,90,3,6660
60,90,8,6668
60,90,3,6671
60,90,4,6675
60,90,4,6679
60,90,3,6682
60,90,4,6686
60,90,2,6688
60,90,3,6691
60,90,4,6695
59,90,4,6699
59,90,3,6702
59,90,4,6706
59,90,3,6709
59,90,3,6712
59,90,3,6715
59,90,4,6719
59,90,3,6722
59,90,5,6727
59,90,4,6731
59,90,5,6736
59,90,4,6740
60,90,3,6743
60,90,4,6747
60,90,3,6750
60,90,6,6756
60,90,3,6759
60,90,3,6762
60,90,6,6768
60,90,2,6770
60,90,3,6773
60,90,3,6776
60,90,3,6779
60,90,3,6782
60,90,4,6786
59,90,3,6789
59,90,3,6792
59,90,3,6795
59,90,4,6799
59,90,5,6804
59,90,4,6808
59,90,3,6811
59,90,3,6814
59,90,3,6817
59,90,3,6820
59,90,4,6824
59,90,3,6827
59,90,3,6830
59,90,4,6834
60,90,3,6837
60,90,6,6843
60,90,3,6846
60,90,3,6849
60,90,4,6853
60,90,2,6855
59,90,9,6864
59,90,3,6867
59,90,4,6871
59,90,4,6875
59,90,3,6878
59,90,2,6880
59,90,5,6885
59,90,2,6887
59,90,4,6891
59,90,3,6894
59,90,3,6897
59,90,3,6900
59,90,10,6910
59,90,3,6913
59,90,3,6916
59,90,4,6920
59,90,4,6924
59,90,2,6926
59,90,4,6930
59,90,3,6933
59,90,4,6937
59,90,3,6940
59,90,4,6944
59,90,3,6947
59,90,3,6950
59,90,4,6954
59,90,3,6957
59,90,3,6960
59,90,4,6964
59,90,2,6966
59,90,5,6971
59,90,4,6975
59,90,3,6978
60,90,5,6983
60,90,4,6987
60,90,3,6990
60,90,4,6994
60,90,3,6997
60,90,4,7001
60,90,4,7005
60,90,4,7009
60,90,4,7013
60,90,4,7017
60,90,4,7021
60,90,5,7026
60,90,3,7029
60,90,11,7040
60,90,4,7044
60,90,15,7059
60,90,5,7064
60,90,3,7067
60,90,4,7071
60,90,3,7074
60,90,3,7077
60,90,2,7079
60,90,3,7082
60,90,3,7085
60,90,3,7088
60,90,3,7091
60,90,4,7095
60,90,3,7098
60,90,4,7102
61,90,2,7104
61,90,4,7108
61,90,3,7111
61,90,3,7114
61,90,3,7117
62,90,5,7122
62,90,2,7124
62,90,4,7128
62,90,4,7132
62,90,3,7135
62,90,3,7138
62,90,4,7142
63,90,3,7145
63,90,3,7148
63,90,4,7152
63,90,3,7155
63,90,2,7157
64,90,4,7161
64,90,3,7164
64,90,6,7170
64,90,5,7175
64,90,2,7177
64,90,4,7181
64,90,2,7183
64,90,4,7187
65,90,5,7192
65,90,3,7195
65,90,2,7197
65,90,3,7200
65,90,4,7204
65,90,2,7206
65,90,4,7210
65,90,2,7212
65,90,4,7216
66,90,4,7220
66,90,4,7224
66,90,3,7227
66,90,5,7232
66,90,3,7235
66,90,4,7239
66,90,3,7242
66,90,4,7246
66,90,3,7249
66,90,3,7252
66,90,3,7255
66,90,4,7259
66,90,2,7261
66,90,4,7265
66,90,5,7270
66,90,4,7274
66,90,3,7277
66,90,4,7281
66,90,3,7284
66,90,4,7288
66,90,3,7291
66,90,4,7295
66,90,3,7298
66,90,4,7302
66,90,2,7304
66,90,4,7308
66,90,2,7310
66,90,3,7313
66,90,5,7318
66,90,4,7322
66,90,4,7326
66,90,2,7328
66,90,4,7332
66,90,3,7335
66,90,3,7338
66,90,3,7341
66,90,4,7345
66,90,3,7348
66,90,3,7351
66,90,3,7354
66,90,4,7358
66,90,4,7362
66,90,5,7367
66,90,5,7372
66,90,3,7375
66,90,3,7378
66,90,3,7381
66,90,4,7385
66,90,2,7387
66,90,4,7391
66,90,3,7394
66,90,4,7398
66,90,2,7400
66,90,5,7405
66,90,2,7407
66,90,4,7411
66,90,3,7414
66,90,4,7418
66,90,3,7421
66,90,4,7425
66,90,6,7431
66,90,4,7435
66,90,2,7437
66,90,4,7441
66,90,4,7445
66,90,5,7450
66,90,2,7452
66,90,5,7457
66,90,13,7470
66,90,7,7477
66,90,3,7480
66,90,5,7485
66,90,3,7488
66,90,3,7491
66,90,4,7495
66,90,2,7497
66,90,4,7501
66,90,4,7505
66,90,5,7510
66,90,2,7512
66,90,5,7517
66,90,5,7522
66,90,3,7525
66,90,2,7527
66,90,2,7529
66,90,5,7534
66,90,3,7537
66,90,2,7539
66,90,2,7541
66,90,3,7544
66,90,4,7548
66,90,3,7551
66,90,4,7555
66,90,2,7557
66,90,3,7560
66,90,4,7564
66,90,6,7570
66,90,5,7575
66,90,4,7579
66,90,2,7581
66,90,5,7586
66,90,3,7589
66,90,4,7593
66,90,3,7596
66,90,3,7599
66,90,2,7601
66,90,5,7606
66,90,3,7609
66,90,5,7614
66,90,3,7617
66,90,3,7620
66,90,4,7624
65,90,3,7627
65,90,3,7630
65,90,4,7634
65,90,2,7636
65,90,4,7640
65,90,3,7643
65,90,5,7648
65,90,2,7650
64,90,4,7654
64,90,2,7656
